1.2031400000E-01
1.1813600000E-01
1.0819200000E-01
9.8389000000E-02
9.9940000000E-02
1.0357900000E-01
1.0331000000E-01
1.0307900000E-01
9.8786000000E-02
9.1495000000E-02
8.6228000000E-02
8.2076000000E-02
7.7373000000E-02
7.4618000000E-02
7.6745000000E-02
7.5413000000E-02
6.9736000000E-02
6.4879000000E-02
6.3867000000E-02
6.1778000000E-02
5.3910000000E-02
5.2232000000E-02
5.7088000000E-02
5.6947000000E-02
5.3795000000E-02
5.2283000000E-02
5.3782000000E-02
5.8177000000E-02
6.0087000000E-02
6.3137000000E-02
6.5699000000E-02
6.7839000000E-02
7.0723000000E-02
6.5238000000E-02
5.7460000000E-02
5.2719000000E-02
4.7977000000E-02
4.5389000000E-02
4.3556000000E-02
4.3082000000E-02
3.9558000000E-02
3.6239000000E-02
3.4304000000E-02
2.9191000000E-02
2.1387000000E-02
1.6018000000E-02
1.8760000000E-02
2.1272000000E-02
1.8889000000E-02
1.1277000000E-02
3.9090000000E-03
2.2170000000E-03
7.4300000000E-04
3.2100000000E-04
3.4220000000E-03
5.5870000000E-03
1.3173000000E-02
1.5403000000E-02
1.0508000000E-02
6.5480000000E-03
1.1046000000E-02
1.4327000000E-02
1.1866000000E-02
1.3058000000E-02
1.2738000000E-02
8.3940000000E-03
7.0740000000E-03
6.8300000000E-03
1.1530000000E-03
-2.7420000000E-03
-3.1910000000E-03
-3.2550000000E-03
-4.2300000000E-04
4.1900000000E-03
7.7530000000E-03
4.4850000000E-03
-8.5800000000E-04
-3.1780000000E-03
-4.5490000000E-03
-6.2920000000E-03
-6.3810000000E-03
-2.2040000000E-03
5.7540000000E-03
1.0892000000E-02
8.7780000000E-03
8.9450000000E-03
6.1380000000E-03
-9.0000000000E-05
-3.1390000000E-03
-1.7430000000E-03
-1.0890000000E-03
-5.0100000000E-03
-7.9060000000E-03
-9.0850000000E-03
-7.4830000000E-03
-3.2800000000E-03
-1.3840000000E-03
-2.6900000000E-04
1.8580000000E-03
1.5380000000E-03
-2.4090000000E-03
-3.7160000000E-03
-1.4220000000E-03
1.0770000000E-03
-6.6600000000E-04
-5.4970000000E-03
-8.0340000000E-03
-8.4830000000E-03
-3.2800000000E-03
1.4480000000E-03
1.8580000000E-03
5.6380000000E-03
2.3200000000E-03
-3.9980000000E-03
-3.2160000000E-03
4.4900000000E-04
-4.3600000000E-04
-1.3710000000E-03
-1.2800000000E-04
2.7170000000E-03
7.4710000000E-03
1.0226000000E-02
6.9460000000E-03
6.2660000000E-03
8.7270000000E-03
6.1380000000E-03
1.8710000000E-03
-2.3060000000E-03
-6.8430000000E-03
-4.3180000000E-03
2.8200000000E-04
3.0500000000E-03
2.8320000000E-03
-1.8710000000E-03
-1.4860000000E-03
1.3710000000E-03
3.0880000000E-03
2.2680000000E-03
-2.8200000000E-04
-2.5600000000E-04
9.7400000000E-04
2.8070000000E-03
9.7400000000E-04
2.3070000000E-03
8.3550000000E-03
9.4570000000E-03
5.9460000000E-03
6.5100000000E-03
4.9590000000E-03
2.8320000000E-03
1.7810000000E-03
-3.4600000000E-04
-4.1650000000E-03
-8.4190000000E-03
-2.3830000000E-03
1.2180000000E-03
-4.0620000000E-03
-5.2020000000E-03
-3.9980000000E-03
-1.4090000000E-03
-3.1390000000E-03
-6.0480000000E-03
-2.2040000000E-03
-1.1150000000E-03
-3.3700000000E-03
2.8200000000E-04
2.5370000000E-03
2.6400000000E-03
-7.4300000000E-04
-4.3820000000E-03
-6.3300000000E-03
-9.0980000000E-03
-5.8300000000E-03
1.8070000000E-03
-3.5900000000E-04
-2.6140000000E-03
-1.1500000000E-04
-2.1400000000E-03
-4.5620000000E-03
-2.4350000000E-03
1.2800000000E-04
3.7160000000E-03
6.5870000000E-03
8.4060000000E-03
7.6760000000E-03
6.0100000000E-03
6.2410000000E-03
6.3560000000E-03
-6.7900000000E-04
-9.0210000000E-03
-7.1890000000E-03
-4.6000000000E-03
-6.0480000000E-03
-2.3960000000E-03
6.3560000000E-03
8.9190000000E-03
9.7130000000E-03
8.7520000000E-03
9.7010000000E-03
7.0740000000E-03
5.2410000000E-03
2.3320000000E-03
-3.5240000000E-03
-6.1890000000E-03
-4.7030000000E-03
-6.4330000000E-03
-4.2930000000E-03
1.6150000000E-03
6.2660000000E-03
9.6880000000E-03
1.2289000000E-02
9.7010000000E-03
5.6260000000E-03
1.8580000000E-03
5.7700000000E-04
-2.3320000000E-03
-7.1250000000E-03
-8.6370000000E-03
-5.7660000000E-03
5.1300000000E-04
1.2940000000E-03
-3.2550000000E-03
-7.1120000000E-03
-5.3310000000E-03
-2.4350000000E-03
3.3300000000E-04
3.3060000000E-03
5.5100000000E-04
-1.0046000000E-02
-1.4724000000E-02
-1.3365000000E-02
-6.4840000000E-03
-3.4210000000E-03
-4.6770000000E-03
-1.5120000000E-03
3.2100000000E-04
2.9470000000E-03
2.2170000000E-03
-2.2420000000E-03
-6.0870000000E-03
-5.9330000000E-03
-6.2400000000E-03
-5.0230000000E-03
-4.2300000000E-04
6.7920000000E-03
7.2790000000E-03
5.6260000000E-03
5.6900000000E-03
5.6770000000E-03
4.0880000000E-03
2.6900000000E-04
-1.0120000000E-03
6.5480000000E-03
1.3558000000E-02
9.4320000000E-03
1.6400000000E-03
-3.3830000000E-03
-7.0350000000E-03
-7.9700000000E-03
-5.3310000000E-03
-4.4980000000E-03
-8.9960000000E-03
-6.1760000000E-03
1.7430000000E-03
3.3450000000E-03
5.1640000000E-03
8.3550000000E-03
1.2417000000E-02
1.4019000000E-02
9.8540000000E-03
7.1380000000E-03
2.5370000000E-03
1.2560000000E-03
2.4610000000E-03
3.2550000000E-03
-1.4090000000E-03
-6.1120000000E-03
-7.8040000000E-03
-9.6360000000E-03
-8.4700000000E-03
-6.2530000000E-03
-1.5760000000E-03
-1.6400000000E-03
-2.7930000000E-03
4.1000000000E-04
3.9470000000E-03
3.3060000000E-03
5.2280000000E-03
9.1240000000E-03
8.9570000000E-03
1.0367000000E-02
1.0636000000E-02
4.8440000000E-03
1.7040000000E-03
3.0120000000E-03
2.1530000000E-03
-9.0000000000E-05
-8.9700000000E-04
-1.7300000000E-03
-1.7550000000E-03
-1.3200000000E-03
1.7430000000E-03
2.4860000000E-03
-1.1660000000E-03
-3.3300000000E-04
4.5110000000E-03
4.1520000000E-03
1.7940000000E-03
5.4210000000E-03
9.8670000000E-03
1.3699000000E-02
1.7300000000E-02
1.7248000000E-02
1.1379000000E-02
5.8310000000E-03
3.5880000000E-03
6.3180000000E-03
7.9450000000E-03
5.9200000000E-03
4.9850000000E-03
1.0124000000E-02
1.6044000000E-02
1.7735000000E-02
1.4288000000E-02
1.1059000000E-02
1.1597000000E-02
7.2400000000E-03
3.4730000000E-03
6.3690000000E-03
1.1277000000E-02
1.2161000000E-02
6.5480000000E-03
4.7670000000E-03
5.2540000000E-03
4.1650000000E-03
3.6780000000E-03
9.0090000000E-03
1.7210000000E-02
1.9683000000E-02
1.1777000000E-02
5.6510000000E-03
4.8570000000E-03
4.5110000000E-03
6.7920000000E-03
1.3032000000E-02
1.3378000000E-02
9.4060000000E-03
9.1620000000E-03
9.8160000000E-03
1.0726000000E-02
1.2353000000E-02
1.5121000000E-02
1.8696000000E-02
1.7953000000E-02
1.5839000000E-02
1.2904000000E-02
1.2789000000E-02
1.3955000000E-02
1.5172000000E-02
1.6710000000E-02
1.5390000000E-02
1.1251000000E-02
1.4058000000E-02
1.9235000000E-02
1.5787000000E-02
9.7260000000E-03
9.9700000000E-03
1.5442000000E-02
1.6556000000E-02
1.3161000000E-02
1.2943000000E-02
1.4263000000E-02
1.4929000000E-02
9.4440000000E-03
7.7530000000E-03
1.4339000000E-02
1.8235000000E-02
1.2328000000E-02
1.5890000000E-03
-3.2160000000E-03
5.1000000000E-05
7.1120000000E-03
1.4621000000E-02
2.0452000000E-02
2.3617000000E-02
2.2438000000E-02
2.0836000000E-02
1.7812000000E-02
1.3289000000E-02
1.2738000000E-02
1.7915000000E-02
2.0337000000E-02
1.2392000000E-02
6.0610000000E-03
6.1770000000E-03
4.5360000000E-03
9.4570000000E-03
1.7761000000E-02
1.9606000000E-02
2.1682000000E-02
2.4078000000E-02
2.2964000000E-02
1.2007000000E-02
5.0750000000E-03
9.9440000000E-03
1.1892000000E-02
1.1636000000E-02
2.0080000000E-02
2.6526000000E-02
2.5398000000E-02
2.5385000000E-02
2.6923000000E-02
2.3989000000E-02
1.8350000000E-02
1.0316000000E-02
5.1260000000E-03
1.1597000000E-02
1.5198000000E-02
1.1674000000E-02
8.1630000000E-03
7.4200000000E-03
6.7020000000E-03
9.8290000000E-03
1.2635000000E-02
1.2597000000E-02
1.4865000000E-02
1.5852000000E-02
1.4480000000E-02
1.6415000000E-02
2.0580000000E-02
2.2682000000E-02
2.0132000000E-02
1.6057000000E-02
1.6492000000E-02
1.9440000000E-02
1.7581000000E-02
1.2674000000E-02
1.1841000000E-02
1.5467000000E-02
1.9491000000E-02
2.0503000000E-02
2.0913000000E-02
2.1375000000E-02
1.7517000000E-02
1.6390000000E-02
1.8735000000E-02
2.1208000000E-02
2.1759000000E-02
2.0900000000E-02
2.7551000000E-02
2.8563000000E-02
2.0926000000E-02
1.8184000000E-02
2.1464000000E-02
1.6902000000E-02
1.1636000000E-02
1.1341000000E-02
1.7684000000E-02
2.4104000000E-02
2.7051000000E-02
2.5206000000E-02
2.3245000000E-02
1.9235000000E-02
1.6274000000E-02
1.9363000000E-02
2.1285000000E-02
1.5544000000E-02
8.9960000000E-03
9.5600000000E-03
1.6313000000E-02
1.7748000000E-02
1.4762000000E-02
1.7658000000E-02
2.0580000000E-02
1.9529000000E-02
1.5582000000E-02
1.6620000000E-02
1.6851000000E-02
1.1789000000E-02
1.3378000000E-02
1.6890000000E-02
1.5300000000E-02
1.4134000000E-02
1.2571000000E-02
1.6543000000E-02
1.7107000000E-02
1.5800000000E-02
1.4019000000E-02
1.8337000000E-02
1.9235000000E-02
1.2968000000E-02
1.0431000000E-02
1.3596000000E-02
1.8107000000E-02
2.0234000000E-02
1.8620000000E-02
1.9529000000E-02
2.3681000000E-02
2.4886000000E-02
2.5937000000E-02
3.2190000000E-02
3.6598000000E-02
3.2241000000E-02
2.3720000000E-02
1.8274000000E-02
2.0388000000E-02
2.2989000000E-02
2.3297000000E-02
2.2131000000E-02
2.1785000000E-02
2.1951000000E-02
2.1554000000E-02
2.0875000000E-02
1.8286000000E-02
1.8453000000E-02
1.9875000000E-02
2.0644000000E-02
1.9273000000E-02
2.1951000000E-02
2.4296000000E-02
2.4399000000E-02
1.9952000000E-02
1.9094000000E-02
2.2899000000E-02
2.0952000000E-02
2.1695000000E-02
3.0191000000E-02
3.3164000000E-02
3.2408000000E-02
2.8717000000E-02
2.5206000000E-02
2.5424000000E-02
3.3497000000E-02
3.9071000000E-02
3.7380000000E-02
3.2677000000E-02
2.9537000000E-02
2.6103000000E-02
2.4950000000E-02
3.1664000000E-02
3.7136000000E-02
3.9584000000E-02
3.9827000000E-02
3.8289000000E-02
3.7034000000E-02
3.6419000000E-02
4.2211000000E-02
4.2570000000E-02
3.9122000000E-02
3.5586000000E-02
3.7341000000E-02
3.8072000000E-02
3.7123000000E-02
3.7380000000E-02
4.0468000000E-02
4.5389000000E-02
4.4735000000E-02
4.2211000000E-02
4.0635000000E-02
4.0276000000E-02
4.2031000000E-02
4.1660000000E-02
4.2723000000E-02
3.9904000000E-02
3.6790000000E-02
3.9853000000E-02
4.3223000000E-02
4.5594000000E-02
4.5235000000E-02
4.4953000000E-02
4.3902000000E-02
4.5466000000E-02
4.6311000000E-02
4.2070000000E-02
4.4415000000E-02
5.1950000000E-02
5.1655000000E-02
5.0976000000E-02
5.3590000000E-02
5.5794000000E-02
5.5602000000E-02
5.8011000000E-02
5.9625000000E-02
6.2073000000E-02
6.5264000000E-02
6.5712000000E-02
6.2855000000E-02
5.7729000000E-02
5.9895000000E-02
6.6955000000E-02
7.1210000000E-02
6.9223000000E-02
6.9723000000E-02
7.9783000000E-02
8.9291000000E-02
9.6134000000E-02
1.0434800000E-01
1.1277900000E-01
1.2009600000E-01
1.2875900000E-01
1.3962600000E-01
1.4441800000E-01
1.4585300000E-01
1.5443900000E-01
1.7114900000E-01
1.8454000000E-01
2.0140400000E-01
2.2440500000E-01
2.4768900000E-01
2.7046000000E-01
3.0017700000E-01
3.2904800000E-01
3.5006300000E-01
3.6920800000E-01
3.9141500000E-01
4.0515200000E-01
4.0389600000E-01
4.0256400000E-01
3.9720700000E-01
3.8414900000E-01
3.6873400000E-01
3.5316400000E-01
3.4774400000E-01
3.4632100000E-01
3.4302800000E-01
3.4219500000E-01
3.4328400000E-01
3.4987100000E-01
3.5621400000E-01
3.5898200000E-01
3.5358700000E-01
3.4762800000E-01
3.4013200000E-01
3.3443000000E-01
3.1695100000E-01
2.8957900000E-01
2.6592400000E-01
2.4781700000E-01
2.2936500000E-01
2.1212900000E-01
1.9963500000E-01
1.8866600000E-01
1.8196400000E-01
1.7344300000E-01
1.5859100000E-01
1.4372600000E-01
1.3374400000E-01
1.2181400000E-01
1.1089600000E-01
1.0594900000E-01
1.0141300000E-01
9.6044000000E-02
9.2200000000E-02
8.6741000000E-02
8.3742000000E-02
7.9642000000E-02
7.7053000000E-02
7.9424000000E-02
8.3755000000E-02
7.7463000000E-02
6.7545000000E-02
6.6033000000E-02
6.5430000000E-02
6.6186000000E-02
6.8519000000E-02
6.8288000000E-02
6.5469000000E-02
6.3329000000E-02
6.2688000000E-02
6.1894000000E-02
5.8344000000E-02
5.8280000000E-02
6.5174000000E-02
6.7211000000E-02
6.3700000000E-02
5.8459000000E-02
5.5192000000E-02
5.4615000000E-02
5.3500000000E-02
5.1283000000E-02
5.3949000000E-02
5.6806000000E-02
5.6153000000E-02
5.3590000000E-02
5.3410000000E-02
5.5858000000E-02
6.0510000000E-02
5.6704000000E-02
5.0168000000E-02
5.2296000000E-02
5.6806000000E-02
5.3769000000E-02
4.8490000000E-02
4.5632000000E-02
4.7580000000E-02
4.9451000000E-02
4.5773000000E-02
4.7362000000E-02
5.4141000000E-02
5.4154000000E-02
5.0924000000E-02
5.2885000000E-02
5.0258000000E-02
4.7708000000E-02
5.0002000000E-02
5.0668000000E-02
4.9335000000E-02
4.6683000000E-02
4.8669000000E-02
4.9118000000E-02
4.7439000000E-02
4.9682000000E-02
4.8400000000E-02
4.5209000000E-02
5.0040000000E-02
5.2257000000E-02
4.9553000000E-02
4.4376000000E-02
4.0827000000E-02
3.9212000000E-02
4.5120000000E-02
4.5876000000E-02
4.6337000000E-02
4.8208000000E-02
4.7285000000E-02
4.3364000000E-02
4.0622000000E-02
3.8700000000E-02
4.1583000000E-02
4.5171000000E-02
4.5350000000E-02
3.9468000000E-02
3.7034000000E-02
4.1109000000E-02
4.6850000000E-02
4.3249000000E-02
4.0865000000E-02
4.5235000000E-02
3.9532000000E-02
3.2574000000E-02
3.3446000000E-02
3.3330000000E-02
3.0165000000E-02
2.8012000000E-02
2.8499000000E-02
3.3446000000E-02
3.8033000000E-02
3.8289000000E-02
3.5035000000E-02
2.6488000000E-02
2.3976000000E-02
2.4168000000E-02
2.3258000000E-02
2.4258000000E-02
2.7179000000E-02
2.7589000000E-02
2.0516000000E-02
2.0221000000E-02
2.4540000000E-02
2.2707000000E-02
2.0170000000E-02
1.7338000000E-02
1.4160000000E-02
1.2097000000E-02
1.2571000000E-02
1.0803000000E-02
1.0649000000E-02
1.4942000000E-02
1.1021000000E-02
7.9190000000E-03
9.0340000000E-03
1.0124000000E-02
1.2943000000E-02
2.0747000000E-02
2.4924000000E-02
1.9145000000E-02
8.2910000000E-03
4.7160000000E-03
7.1760000000E-03
1.2956000000E-02
1.4634000000E-02
1.0457000000E-02
8.8290000000E-03
8.7400000000E-03
5.7030000000E-03
7.3170000000E-03
1.0598000000E-02
1.0124000000E-02
8.4190000000E-03
5.1130000000E-03
1.7560000000E-03
1.9860000000E-03
9.1000000000E-04
-1.8190000000E-03
-4.9970000000E-03
-8.8290000000E-03
-9.8800000000E-03
-6.8680000000E-03
-5.1200000000E-04
2.8070000000E-03
4.3440000000E-03
8.0600000000E-03
9.0600000000E-03
6.7660000000E-03
3.8440000000E-03
1.5510000000E-03
-3.1390000000E-03
-3.0880000000E-03
-1.5250000000E-03
7.4300000000E-04
7.4200000000E-03
1.1584000000E-02
7.2790000000E-03
2.6780000000E-03
4.8060000000E-03
6.1250000000E-03
7.2270000000E-03
1.0777000000E-02
9.5080000000E-03
7.8940000000E-03
6.0490000000E-03
4.7410000000E-03
2.1910000000E-03
9.1000000000E-04
3.3700000000E-03
1.9610000000E-03
-5.7280000000E-03
-3.6130000000E-03
5.3050000000E-03
8.3680000000E-03
4.9980000000E-03
8.7200000000E-04
2.5250000000E-03
6.8300000000E-03
6.8050000000E-03
8.7200000000E-04
-1.8710000000E-03
3.6270000000E-03
8.8680000000E-03
9.5980000000E-03
9.4320000000E-03
6.2920000000E-03
6.1890000000E-03
1.0277000000E-02
1.0803000000E-02
4.8700000000E-03
6.6700000000E-04
-9.1000000000E-04
8.8400000000E-04
5.7540000000E-03
9.6110000000E-03
7.1120000000E-03
4.4720000000E-03
2.2300000000E-03
1.6400000000E-03
3.5110000000E-03
5.9460000000E-03
5.6510000000E-03
1.9220000000E-03
-9.2200000000E-04
-3.5900000000E-04
3.1270000000E-03
1.2560000000E-03
-3.9720000000E-03
-3.7420000000E-03
7.2660000000E-03
7.9450000000E-03
1.0770000000E-03
-3.4340000000E-03
-3.3960000000E-03
-3.9700000000E-04
2.8710000000E-03
2.0890000000E-03
1.2050000000E-03
-1.1920000000E-03
-2.0500000000E-04
6.2150000000E-03
1.3763000000E-02
1.8632000000E-02
1.4878000000E-02
1.0739000000E-02
1.0713000000E-02
1.1584000000E-02
1.2891000000E-02
1.2776000000E-02
1.7159000000E-02
1.7389000000E-02
1.6274000000E-02
1.6326000000E-02
1.0739000000E-02
6.5480000000E-03
6.1380000000E-03
3.1010000000E-03
3.3300000000E-04
-4.3600000000E-04
1.1410000000E-03
2.3320000000E-03
1.1530000000E-03
-1.4730000000E-03
2.8960000000E-03
9.7260000000E-03
9.3030000000E-03
1.0047000000E-02
1.1546000000E-02
7.4070000000E-03
2.2040000000E-03
-2.7420000000E-03
-5.8430000000E-03
-4.2410000000E-03
5.6400000000E-04
5.5870000000E-03
5.9720000000E-03
7.3170000000E-03
1.4096000000E-02
1.4634000000E-02
7.2530000000E-03
1.6020000000E-03
5.0870000000E-03
1.0585000000E-02
1.0611000000E-02
1.3519000000E-02
8.8550000000E-03
2.3320000000E-03
-3.3300000000E-04
-1.6600000000E-04
3.9210000000E-03
8.6880000000E-03
9.4060000000E-03
9.5600000000E-03
8.6110000000E-03
1.0585000000E-02
1.2379000000E-02
1.2353000000E-02
1.1546000000E-02
1.2392000000E-02
9.5980000000E-03
7.9190000000E-03
7.2020000000E-03
3.8570000000E-03
2.4730000000E-03
4.8060000000E-03
9.2910000000E-03
1.0892000000E-02
1.1687000000E-02
8.3550000000E-03
4.9210000000E-03
8.5860000000E-03
1.6005000000E-02
1.4993000000E-02
1.0418000000E-02
1.2686000000E-02
1.9901000000E-02
1.8850000000E-02
1.3353000000E-02
1.3135000000E-02
1.3955000000E-02
1.5326000000E-02
1.6787000000E-02
1.6313000000E-02
1.4237000000E-02
8.4700000000E-03
8.0220000000E-03
1.5416000000E-02
2.0593000000E-02
2.0952000000E-02
1.6428000000E-02
9.9950000000E-03
6.5230000000E-03
7.0100000000E-03
6.6380000000E-03
5.8440000000E-03
6.5350000000E-03
5.2800000000E-03
-2.8830000000E-03
-4.6510000000E-03
-7.6900000000E-04
2.3960000000E-03
8.8810000000E-03
1.3199000000E-02
1.2956000000E-02
9.9180000000E-03
7.4070000000E-03
4.0880000000E-03
-8.4600000000E-04
-2.6910000000E-03
2.3100000000E-04
6.2280000000E-03
1.4147000000E-02
1.5582000000E-02
1.3045000000E-02
1.3455000000E-02
1.3635000000E-02
1.2469000000E-02
1.1943000000E-02
1.6915000000E-02
2.5078000000E-02
2.7564000000E-02
2.6846000000E-02
2.2182000000E-02
1.3647000000E-02
1.0854000000E-02
1.4698000000E-02
1.6492000000E-02
1.7159000000E-02
1.7607000000E-02
1.6813000000E-02
1.6467000000E-02
1.9106000000E-02
1.4237000000E-02
4.0240000000E-03
5.4720000000E-03
1.0674000000E-02
1.2340000000E-02
1.1533000000E-02
1.2917000000E-02
1.5160000000E-02
1.7171000000E-02
1.4224000000E-02
1.0188000000E-02
1.1687000000E-02
1.3417000000E-02
1.0726000000E-02
5.1770000000E-03
2.1150000000E-03
3.0500000000E-03
3.9850000000E-03
5.3310000000E-03
1.1366000000E-02
1.3391000000E-02
7.3680000000E-03
1.0713000000E-02
1.7018000000E-02
2.1656000000E-02
2.6628000000E-02
2.1336000000E-02
1.4750000000E-02
1.7133000000E-02
1.7684000000E-02
1.3788000000E-02
1.3122000000E-02
1.5775000000E-02
1.8209000000E-02
2.1477000000E-02
2.1310000000E-02
1.9709000000E-02
1.9337000000E-02
2.0606000000E-02
2.4143000000E-02
2.2233000000E-02
1.9183000000E-02
2.0170000000E-02
1.8402000000E-02
1.6492000000E-02
9.8800000000E-03
4.5490000000E-03
5.8560000000E-03
8.0990000000E-03
1.0726000000E-02
9.2650000000E-03
4.9850000000E-03
1.0085000000E-02
1.3532000000E-02
8.5350000000E-03
5.5230000000E-03
4.6650000000E-03
3.9470000000E-03
8.6750000000E-03
1.2417000000E-02
1.5916000000E-02
1.4019000000E-02
1.0393000000E-02
9.6880000000E-03
1.4903000000E-02
1.5095000000E-02
1.0521000000E-02
9.6750000000E-03
1.0559000000E-02
1.4288000000E-02
1.9555000000E-02
2.2976000000E-02
1.8427000000E-02
1.6659000000E-02
1.8530000000E-02
1.3571000000E-02
7.6380000000E-03
6.6890000000E-03
5.5230000000E-03
4.2160000000E-03
9.4190000000E-03
1.5019000000E-02
2.1298000000E-02
2.1887000000E-02
1.7979000000E-02
1.4224000000E-02
1.2264000000E-02
1.2340000000E-02
7.5350000000E-03
6.8560000000E-03
7.2790000000E-03
7.8430000000E-03
4.9210000000E-03
-3.1520000000E-03
-6.0200000000E-04
8.3300000000E-03
8.4320000000E-03
7.1510000000E-03
7.7910000000E-03
7.4710000000E-03
1.1251000000E-02
8.5600000000E-03
1.9090000000E-03
1.2430000000E-03
4.2670000000E-03
5.4720000000E-03
5.1130000000E-03
8.0990000000E-03
1.1930000000E-02
1.1853000000E-02
8.3550000000E-03
3.7800000000E-03
5.3440000000E-03
9.6750000000E-03
8.6630000000E-03
2.3710000000E-03
1.6700000000E-04
-1.2940000000E-03
-2.4730000000E-03
9.7400000000E-04
3.3960000000E-03
2.4730000000E-03
-1.1400000000E-03
4.2300000000E-04
4.8440000000E-03
6.5100000000E-03
7.7910000000E-03
1.1892000000E-02
1.8671000000E-02
2.0042000000E-02
1.7915000000E-02
1.0508000000E-02
4.9850000000E-03
1.0995000000E-02
1.5095000000E-02
1.3519000000E-02
1.1841000000E-02
1.2392000000E-02
8.0600000000E-03
4.7540000000E-03
4.9980000000E-03
4.1260000000E-03
3.5630000000E-03
3.4730000000E-03
2.6400000000E-03
4.0620000000E-03
1.0892000000E-02
1.2712000000E-02
9.5080000000E-03
1.0726000000E-02
1.2750000000E-02
1.0149000000E-02
-3.7100000000E-04
-1.7300000000E-03
5.6770000000E-03
8.1500000000E-03
7.0610000000E-03
4.8700000000E-03
5.1300000000E-04
3.6010000000E-03
6.5230000000E-03
5.8180000000E-03
2.5600000000E-04
-5.2500000000E-04
2.3450000000E-03
-2.1530000000E-03
-9.2130000000E-03
-6.2400000000E-03
-1.9990000000E-03
3.2680000000E-03
1.7170000000E-03
-3.5110000000E-03
6.7900000000E-04
7.5860000000E-03
8.9190000000E-03
7.5350000000E-03
1.0790000000E-02
1.1713000000E-02
4.8700000000E-03
-2.0500000000E-03
-1.7680000000E-03
2.4220000000E-03
3.7160000000E-03
4.4340000000E-03
4.4340000000E-03
1.2560000000E-03
1.9990000000E-03
7.6250000000E-03
9.8290000000E-03
1.1905000000E-02
8.6370000000E-03
2.1530000000E-03
-2.7810000000E-03
-4.1770000000E-03
-2.9730000000E-03
2.0250000000E-03
1.0277000000E-02
1.6467000000E-02
1.2058000000E-02
3.1400000000E-03
-9.8700000000E-04
-1.7430000000E-03
4.1900000000E-03
9.3670000000E-03
7.9960000000E-03
1.5760000000E-03
-1.6400000000E-03
-2.7930000000E-03
-8.3680000000E-03
-1.0943000000E-02
-1.5400000000E-04
5.5100000000E-03
6.7660000000E-03
5.8560000000E-03
3.7040000000E-03
1.8200000000E-03
2.9990000000E-03
2.9730000000E-03
2.3200000000E-03
3.1780000000E-03
7.2270000000E-03
8.8810000000E-03
6.3820000000E-03
1.9220000000E-03
6.4100000000E-04
1.9200000000E-04
-2.5370000000E-03
-8.2000000000E-04
2.2680000000E-03
3.2170000000E-03
4.3440000000E-03
2.8070000000E-03
-9.1000000000E-04
-1.7300000000E-03
-9.6100000000E-04
1.8840000000E-03
-8.5800000000E-04
-7.9960000000E-03
-8.0090000000E-03
-5.0620000000E-03
-5.2280000000E-03
-3.1390000000E-03
1.5400000000E-04
2.2040000000E-03
7.7400000000E-03
4.2550000000E-03
-2.3830000000E-03
1.2050000000E-03
6.7410000000E-03
6.8560000000E-03
1.4230000000E-03
-4.5490000000E-03
-1.0149000000E-02
-4.6510000000E-03
3.7420000000E-03
5.6510000000E-03
3.6910000000E-03
2.6010000000E-03
4.9980000000E-03
5.2160000000E-03
6.9330000000E-03
2.8960000000E-03
6.0200000000E-04
2.8320000000E-03
4.0880000000E-03
-1.7940000000E-03
-4.0750000000E-03
-4.2930000000E-03
-3.2420000000E-03
-3.7290000000E-03
-1.4990000000E-03
2.8960000000E-03
9.4800000000E-04
-4.9080000000E-03
-3.9080000000E-03
1.9090000000E-03
4.4720000000E-03
5.7150000000E-03
4.7030000000E-03
2.9990000000E-03
7.2020000000E-03
8.1630000000E-03
6.6250000000E-03
5.2930000000E-03
9.4570000000E-03
1.0482000000E-02
3.2170000000E-03
1.7040000000E-03
8.7010000000E-03
1.1725000000E-02
8.0990000000E-03
4.5360000000E-03
8.1240000000E-03
1.3660000000E-02
1.3430000000E-02
9.3030000000E-03
4.2290000000E-03
2.0890000000E-03
-3.4850000000E-03
-5.9590000000E-03
-1.8450000000E-03
2.3450000000E-03
-2.1800000000E-04
1.7300000000E-03
9.5210000000E-03
9.3160000000E-03
7.1380000000E-03
5.6770000000E-03
5.4720000000E-03
9.3290000000E-03
8.6630000000E-03
3.8440000000E-03
8.3300000000E-03
9.1880000000E-03
5.7790000000E-03
4.5490000000E-03
3.6910000000E-03
4.0370000000E-03
1.9480000000E-03
2.3840000000E-03
-1.1530000000E-03
-8.2520000000E-03
-1.0367000000E-02
-7.3040000000E-03
-7.4710000000E-03
-6.8560000000E-03
-4.3600000000E-04
5.0230000000E-03
5.9840000000E-03
4.7410000000E-03
3.9730000000E-03
4.1010000000E-03
-5.1200000000E-04
-2.6650000000E-03
-2.5630000000E-03
-2.5880000000E-03
-3.1650000000E-03
-2.1400000000E-03
1.0380000000E-03
2.4610000000E-03
9.6100000000E-04
2.8580000000E-03
1.2430000000E-03
-3.8570000000E-03
-6.8560000000E-03
-5.8560000000E-03
-2.3450000000E-03
6.1500000000E-04
-4.6100000000E-04
-2.3830000000E-03
-1.3450000000E-03
-2.2170000000E-03
-2.7290000000E-03
-2.5600000000E-04
1.0120000000E-03
1.7940000000E-03
3.8440000000E-03
3.6270000000E-03
2.4400000000E-04
-2.6400000000E-03
-7.7010000000E-03
-1.1930000000E-02
-9.3030000000E-03
-3.3300000000E-04
5.9970000000E-03
8.0350000000E-03
4.5360000000E-03
2.3070000000E-03
4.6260000000E-03
6.4970000000E-03
4.0240000000E-03
-3.2030000000E-03
-8.6370000000E-03
-8.2780000000E-03
-7.9400000000E-04
5.5870000000E-03
1.4230000000E-03
-2.6140000000E-03
-1.8190000000E-03
1.3970000000E-03
5.4080000000E-03
6.8560000000E-03
4.4850000000E-03
9.8700000000E-04
-1.6790000000E-03
-4.4340000000E-03
-1.2940000000E-03
7.0350000000E-03
1.1546000000E-02
1.1495000000E-02
1.0303000000E-02
5.0110000000E-03
6.1500000000E-04
4.5750000000E-03
5.8440000000E-03
5.2410000000E-03
1.1020000000E-03
-3.1780000000E-03
-5.5230000000E-03
-1.3710000000E-03
6.3050000000E-03
1.1200000000E-02
1.4852000000E-02
1.6518000000E-02
9.5720000000E-03
2.2170000000E-03
-1.5630000000E-03
-3.1650000000E-03
1.4480000000E-03
3.1400000000E-03
6.8050000000E-03
8.9700000000E-03
8.9570000000E-03
6.8940000000E-03
4.0880000000E-03
4.3700000000E-03
4.1140000000E-03
5.0110000000E-03
7.9190000000E-03
9.7390000000E-03
5.6380000000E-03
2.6910000000E-03
4.8820000000E-03
3.4470000000E-03
5.0360000000E-03
6.1130000000E-03
6.2920000000E-03
4.2930000000E-03
-4.2300000000E-04
1.8970000000E-03
6.5230000000E-03
6.1130000000E-03
2.7420000000E-03
2.5500000000E-03
2.3710000000E-03
6.1500000000E-04
2.9470000000E-03
6.4100000000E-04
-2.9470000000E-03
-2.0250000000E-03
6.7900000000E-04
7.7910000000E-03
1.2494000000E-02
9.3160000000E-03
2.5890000000E-03
-1.6530000000E-03
-3.3440000000E-03
-1.7680000000E-03
-2.2680000000E-03
-3.2680000000E-03
1.8330000000E-03
5.1640000000E-03
1.3000000000E-05
-3.2930000000E-03
-5.3310000000E-03
-5.8690000000E-03
-4.0110000000E-03
-3.7540000000E-03
-1.1020000000E-03
2.3070000000E-03
1.4870000000E-03
-4.8690000000E-03
-7.2780000000E-03
-4.9330000000E-03
-5.4200000000E-03
-8.3680000000E-03
-7.2140000000E-03
3.8500000000E-04
8.0700000000E-04
-1.3450000000E-03
-4.4340000000E-03
-1.4860000000E-03
1.8000000000E-04
7.9500000000E-04
1.1790000000E-03
-1.9730000000E-03
-3.1010000000E-03
5.7700000000E-04
6.0610000000E-03
2.8960000000E-03
-6.4840000000E-03
-7.8290000000E-03
-6.3430000000E-03
-5.8560000000E-03
-6.1380000000E-03
-2.5880000000E-03
2.8070000000E-03
2.4220000000E-03
-7.1700000000E-04
3.9700000000E-04
1.9220000000E-03
-3.6130000000E-03
-9.4820000000E-03
-8.2270000000E-03
-1.7040000000E-03
-9.9900000000E-04
-2.4220000000E-03
2.3100000000E-04
1.1500000000E-04
1.9740000000E-03
1.2300000000E-03
-9.4800000000E-04
-9.2200000000E-04
1.7430000000E-03
1.9220000000E-03
1.1530000000E-03
-3.8060000000E-03
-5.2410000000E-03
-1.8840000000E-03
-7.3000000000E-04
4.8700000000E-04
-1.9090000000E-03
-3.5620000000E-03
-4.1650000000E-03
-4.3310000000E-03
-3.4980000000E-03
-3.2680000000E-03
-6.2660000000E-03
-8.4060000000E-03
-9.1880000000E-03
-1.0764000000E-02
-7.1370000000E-03
1.4230000000E-03
7.0480000000E-03
2.4350000000E-03
-3.4080000000E-03
-4.4590000000E-03
-6.5860000000E-03
-4.8560000000E-03
-2.4730000000E-03
-7.2660000000E-03
-1.0546000000E-02
-9.1490000000E-03
-2.3830000000E-03
9.1880000000E-03
1.0803000000E-02
8.0350000000E-03
5.6770000000E-03
4.0110000000E-03
3.8500000000E-04
-1.2040000000E-03
-1.7170000000E-03
-2.6140000000E-03
-1.1280000000E-03
4.5620000000E-03
7.4840000000E-03
2.4480000000E-03
-2.1400000000E-03
4.8700000000E-04
1.6660000000E-03
1.8710000000E-03
4.2800000000E-03
2.1400000000E-03
-3.3320000000E-03
-2.3830000000E-03
4.2670000000E-03
4.4720000000E-03
-7.8200000000E-04
-2.8960000000E-03
2.9600000000E-03
7.0610000000E-03
-4.0240000000E-03
-1.0059000000E-02
-3.2550000000E-03
2.4350000000E-03
5.1900000000E-03
5.4850000000E-03
4.2290000000E-03
1.3070000000E-03
-5.4200000000E-03
-7.8420000000E-03
-4.5100000000E-03
5.0000000000E-04
-3.8400000000E-04
-2.6270000000E-03
-5.0490000000E-03
-3.7420000000E-03
-6.4000000000E-05
-2.6650000000E-03
-4.3820000000E-03
-6.1510000000E-03
-3.6650000000E-03
-8.8400000000E-04
-4.1130000000E-03
-3.7800000000E-03
-3.2930000000E-03
-1.7430000000E-03
3.2680000000E-03
-6.4100000000E-04
-3.8060000000E-03
-4.7920000000E-03
-5.5610000000E-03
-3.5490000000E-03
-1.6790000000E-03
3.0800000000E-04
-4.3050000000E-03
-1.0392000000E-02
-6.0740000000E-03
2.0500000000E-04
-5.2500000000E-04
-6.6380000000E-03
-7.0990000000E-03
-3.6900000000E-03
-3.3960000000E-03
-2.1400000000E-03
-2.7810000000E-03
-7.1370000000E-03
-4.0750000000E-03
4.4210000000E-03
9.8160000000E-03
7.8300000000E-03
2.0760000000E-03
-4.7030000000E-03
-5.8940000000E-03
1.0300000000E-04
3.3830000000E-03
6.6760000000E-03
7.7400000000E-03
7.8550000000E-03
4.1010000000E-03
-1.3450000000E-03
8.5900000000E-04
6.1510000000E-03
7.6500000000E-03
3.1650000000E-03
2.4400000000E-04
3.1010000000E-03
2.7550000000E-03
-1.9860000000E-03
-2.6520000000E-03
1.9610000000E-03
6.9200000000E-03
7.1120000000E-03
3.7160000000E-03
9.7400000000E-04
1.3000000000E-05
2.0500000000E-03
6.7020000000E-03
4.5750000000E-03
5.5230000000E-03
6.7150000000E-03
5.1900000000E-03
5.2280000000E-03
3.9730000000E-03
4.2800000000E-03
2.8710000000E-03
5.2930000000E-03
6.3950000000E-03
6.9710000000E-03
8.2650000000E-03
6.8810000000E-03
1.8710000000E-03
1.7940000000E-03
4.0500000000E-03
3.3060000000E-03
2.9090000000E-03
2.5890000000E-03
6.0490000000E-03
9.0340000000E-03
5.3440000000E-03
-1.7170000000E-03
-1.4350000000E-03
3.5110000000E-03
5.1260000000E-03
4.4850000000E-03
3.0370000000E-03
-2.9980000000E-03
-9.1240000000E-03
-4.8310000000E-03
2.3320000000E-03
3.3320000000E-03
-5.1200000000E-04
-1.4350000000E-03
3.8570000000E-03
7.0220000000E-03
3.9600000000E-03
5.1000000000E-05
5.0000000000E-04
6.7150000000E-03
1.2635000000E-02
9.6620000000E-03
6.4070000000E-03
6.2150000000E-03
5.9970000000E-03
5.3050000000E-03
5.6510000000E-03
8.9960000000E-03
1.0213000000E-02
5.0110000000E-03
4.8700000000E-04
-1.3450000000E-03
3.3300000000E-04
5.4460000000E-03
5.2930000000E-03
4.1780000000E-03
-3.2000000000E-04
-3.9590000000E-03
-1.3970000000E-03
5.3800000000E-04
-2.5880000000E-03
-2.7040000000E-03
2.3200000000E-03
6.9330000000E-03
7.0480000000E-03
1.6530000000E-03
-6.4100000000E-04
-9.6100000000E-04
-3.1390000000E-03
-5.3560000000E-03
-6.2530000000E-03
-5.6130000000E-03
-1.3840000000E-03
6.9070000000E-03
6.1250000000E-03
4.6390000000E-03
6.4710000000E-03
8.7010000000E-03
7.6500000000E-03
2.8960000000E-03
1.0640000000E-03
-1.5400000000E-04
-4.8820000000E-03
-4.0110000000E-03
1.1150000000E-03
2.0500000000E-04
0.0000000000E+00
2.5630000000E-03
-1.0250000000E-03
-5.0490000000E-03
-1.0751000000E-02
-1.0610000000E-02
-6.1510000000E-03
-1.0630000000E-03
2.9090000000E-03
2.6910000000E-03
-1.2800000000E-04
3.2930000000E-03
1.0713000000E-02
1.2699000000E-02
1.2417000000E-02
1.0508000000E-02
6.7020000000E-03
4.6130000000E-03
3.2290000000E-03
6.4970000000E-03
9.4960000000E-03
9.1240000000E-03
6.4070000000E-03
4.4470000000E-03
2.3960000000E-03
2.1800000000E-04
1.0250000000E-03
5.6640000000E-03
1.0354000000E-02
1.1943000000E-02
9.9060000000E-03
-6.7900000000E-04
-4.7540000000E-03
-2.8960000000E-03
-5.0000000000E-04
-3.9700000000E-04
2.6140000000E-03
5.1640000000E-03
3.6780000000E-03
1.9220000000E-03
8.8290000000E-03
1.6838000000E-02
1.5070000000E-02
1.0316000000E-02
1.0559000000E-02
1.0777000000E-02
1.2276000000E-02
1.4775000000E-02
1.9965000000E-02
2.0426000000E-02
1.6121000000E-02
1.0367000000E-02
9.7780000000E-03
1.3058000000E-02
1.2686000000E-02
1.3032000000E-02
1.5429000000E-02
1.4006000000E-02
1.3148000000E-02
1.0149000000E-02
5.1520000000E-03
6.3560000000E-03
8.6630000000E-03
6.7020000000E-03
7.9840000000E-03
1.1969000000E-02
1.3020000000E-02
1.2481000000E-02
9.0980000000E-03
6.8940000000E-03
7.8680000000E-03
1.4519000000E-02
2.0414000000E-02
2.1400000000E-02
2.1387000000E-02
2.1464000000E-02
2.1323000000E-02
2.1426000000E-02
1.7018000000E-02
1.2110000000E-02
1.2674000000E-02
1.3763000000E-02
1.3904000000E-02
1.9491000000E-02
2.0567000000E-02
1.8453000000E-02
1.9542000000E-02
2.0055000000E-02
1.7992000000E-02
2.1259000000E-02
2.4950000000E-02
1.8863000000E-02
1.6351000000E-02
1.6415000000E-02
1.4147000000E-02
1.6108000000E-02
1.3545000000E-02
9.6620000000E-03
1.1572000000E-02
1.6326000000E-02
1.6364000000E-02
1.2622000000E-02
1.1994000000E-02
1.3622000000E-02
1.4737000000E-02
1.4839000000E-02
1.1828000000E-02
8.9570000000E-03
2.6140000000E-03
-1.7550000000E-03
4.7540000000E-03
1.2148000000E-02
1.4045000000E-02
1.9939000000E-02
2.4886000000E-02
2.0298000000E-02
1.8145000000E-02
1.7184000000E-02
1.2379000000E-02
7.4970000000E-03
6.4590000000E-03
1.0393000000E-02
1.0969000000E-02
8.3300000000E-03
4.9850000000E-03
5.7670000000E-03
1.0188000000E-02
1.1725000000E-02
8.3550000000E-03
1.0867000000E-02
1.4557000000E-02
1.5044000000E-02
1.4173000000E-02
1.6057000000E-02
1.5070000000E-02
1.0995000000E-02
1.0226000000E-02
1.1828000000E-02
1.2340000000E-02
1.5121000000E-02
1.3583000000E-02
1.4890000000E-02
2.1733000000E-02
2.0452000000E-02
1.1546000000E-02
4.5490000000E-03
5.4210000000E-03
1.3737000000E-02
1.6838000000E-02
1.1431000000E-02
7.8430000000E-03
8.7780000000E-03
1.1149000000E-02
1.6005000000E-02
1.5454000000E-02
8.2780000000E-03
6.7900000000E-04
-1.0250000000E-03
2.8580000000E-03
8.9830000000E-03
9.5340000000E-03
7.3680000000E-03
8.8550000000E-03
1.3660000000E-02
1.9004000000E-02
2.0414000000E-02
9.4440000000E-03
3.1270000000E-03
5.5620000000E-03
7.1760000000E-03
5.6000000000E-03
2.5630000000E-03
7.0990000000E-03
1.3609000000E-02
1.7889000000E-02
1.1892000000E-02
3.7420000000E-03
-3.7930000000E-03
-6.7530000000E-03
-5.8900000000E-04
4.9210000000E-03
5.0490000000E-03
3.8960000000E-03
5.6640000000E-03
7.4580000000E-03
4.2290000000E-03
2.7680000000E-03
4.5880000000E-03
7.5350000000E-03
8.9830000000E-03
1.1046000000E-02
9.2520000000E-03
4.4850000000E-03
1.2050000000E-03
5.9330000000E-03
6.4710000000E-03
9.9180000000E-03
1.0905000000E-02
1.0290000000E-02
1.2135000000E-02
1.4698000000E-02
1.1008000000E-02
6.1130000000E-03
8.9320000000E-03
1.2956000000E-02
1.7966000000E-02
1.7492000000E-02
1.7799000000E-02
1.8517000000E-02
1.0431000000E-02
7.1380000000E-03
2.6530000000E-03
-5.1000000000E-05
4.0240000000E-03
6.3180000000E-03
7.0480000000E-03
7.6890000000E-03
7.7660000000E-03
7.6630000000E-03
5.2600000000E-04
-3.2290000000E-03
4.3950000000E-03
1.1097000000E-02
9.9570000000E-03
7.0100000000E-03
8.3040000000E-03
6.8170000000E-03
1.9990000000E-03
7.3100000000E-04
5.3440000000E-03
7.6630000000E-03
2.8320000000E-03
-1.3450000000E-03
-1.1280000000E-03
4.1520000000E-03
8.5860000000E-03
9.4830000000E-03
8.0350000000E-03
4.4850000000E-03
2.5600000000E-04
1.4100000000E-03
7.6500000000E-03
1.0726000000E-02
7.7270000000E-03
5.1300000000E-04
-2.9730000000E-03
4.2420000000E-03
1.2981000000E-02
9.1110000000E-03
7.8300000000E-03
8.1500000000E-03
9.1750000000E-03
9.6880000000E-03
1.1738000000E-02
9.1620000000E-03
1.9220000000E-03
3.7200000000E-04
4.7930000000E-03
5.9460000000E-03
8.4830000000E-03
1.1879000000E-02
1.0431000000E-02
1.1572000000E-02
1.0854000000E-02
8.0220000000E-03
9.7520000000E-03
1.1994000000E-02
1.3186000000E-02
1.2123000000E-02
1.0034000000E-02
5.7280000000E-03
3.1650000000E-03
7.0480000000E-03
1.2648000000E-02
1.4852000000E-02
1.6518000000E-02
1.8568000000E-02
2.1451000000E-02
2.2208000000E-02
1.8760000000E-02
1.6364000000E-02
2.1515000000E-02
2.6193000000E-02
2.4847000000E-02
2.3412000000E-02
2.5706000000E-02
3.4215000000E-02
3.6611000000E-02
3.5522000000E-02
3.7111000000E-02
3.6931000000E-02
4.0660000000E-02
4.9412000000E-02
5.5256000000E-02
5.5064000000E-02
5.7870000000E-02
5.9613000000E-02
6.1983000000E-02
6.5699000000E-02
6.6878000000E-02
7.0454000000E-02
7.6681000000E-02
8.5523000000E-02
9.0957000000E-02
9.4352000000E-02
9.9722000000E-02
1.0380900000E-01
1.0186200000E-01
9.8235000000E-02
1.0068300000E-01
1.0587300000E-01
1.1452200000E-01
1.1943000000E-01
1.1794400000E-01
1.1904600000E-01
1.1813600000E-01
1.0819200000E-01
9.8389000000E-02
9.9940000000E-02
1.0357900000E-01
1.0331000000E-01
1.0307900000E-01
9.8786000000E-02
9.1495000000E-02
8.6228000000E-02
8.2076000000E-02
7.7373000000E-02
7.4618000000E-02
7.6745000000E-02
7.5413000000E-02
6.9736000000E-02
6.4879000000E-02
6.3867000000E-02
6.1778000000E-02
5.3910000000E-02
5.2232000000E-02
5.7088000000E-02
5.6947000000E-02
5.3795000000E-02
5.2283000000E-02
5.3782000000E-02
5.8177000000E-02
6.0087000000E-02
6.3137000000E-02
6.5699000000E-02
6.7839000000E-02
7.0723000000E-02
6.5238000000E-02
5.7460000000E-02
5.2719000000E-02
4.7977000000E-02
4.5389000000E-02
4.3556000000E-02
4.3082000000E-02
3.9558000000E-02
3.6239000000E-02
3.4304000000E-02
2.9191000000E-02
2.1387000000E-02
1.6018000000E-02
1.8760000000E-02
2.1272000000E-02
1.8889000000E-02
1.1277000000E-02
3.9090000000E-03
2.2170000000E-03
7.4300000000E-04
3.2100000000E-04
3.4220000000E-03
5.5870000000E-03
1.3173000000E-02
1.5403000000E-02
1.0508000000E-02
6.5480000000E-03
1.1046000000E-02
1.4327000000E-02
1.1866000000E-02
1.3058000000E-02
1.2738000000E-02
8.3940000000E-03
7.0740000000E-03
6.8300000000E-03
1.1530000000E-03
-2.7420000000E-03
-3.1910000000E-03
-3.2550000000E-03
-4.2300000000E-04
4.1900000000E-03
7.7530000000E-03
4.4850000000E-03
-8.5800000000E-04
-3.1780000000E-03
-4.5490000000E-03
-6.2920000000E-03
-6.3810000000E-03
-2.2040000000E-03
5.7540000000E-03
1.0892000000E-02
8.7780000000E-03
8.9450000000E-03
6.1380000000E-03
-9.0000000000E-05
-3.1390000000E-03
-1.7430000000E-03
-1.0890000000E-03
-5.0100000000E-03
-7.9060000000E-03
-9.0850000000E-03
-7.4830000000E-03
-3.2800000000E-03
-1.3840000000E-03
-2.6900000000E-04
1.8580000000E-03
1.5380000000E-03
-2.4090000000E-03
-3.7160000000E-03
-1.4220000000E-03
1.0770000000E-03
-6.6600000000E-04
-5.4970000000E-03
-8.0340000000E-03
-8.4830000000E-03
-3.2800000000E-03
1.4480000000E-03
1.8580000000E-03
5.6380000000E-03
2.3200000000E-03
-3.9980000000E-03
-3.2160000000E-03
4.4900000000E-04
-4.3600000000E-04
-1.3710000000E-03
-1.2800000000E-04
2.7170000000E-03
7.4710000000E-03
1.0226000000E-02
6.9460000000E-03
6.2660000000E-03
8.7270000000E-03
6.1380000000E-03
1.8710000000E-03
-2.3060000000E-03
-6.8430000000E-03
-4.3180000000E-03
2.8200000000E-04
3.0500000000E-03
2.8320000000E-03
-1.8710000000E-03
-1.4860000000E-03
1.3710000000E-03
3.0880000000E-03
2.2680000000E-03
-2.8200000000E-04
-2.5600000000E-04
9.7400000000E-04
2.8070000000E-03
9.7400000000E-04
2.3070000000E-03
8.3550000000E-03
9.4570000000E-03
5.9460000000E-03
6.5100000000E-03
4.9590000000E-03
2.8320000000E-03
1.7810000000E-03
-3.4600000000E-04
-4.1650000000E-03
-8.4190000000E-03
-2.3830000000E-03
1.2180000000E-03
-4.0620000000E-03
-5.2020000000E-03
-3.9980000000E-03
-1.4090000000E-03
-3.1390000000E-03
-6.0480000000E-03
-2.2040000000E-03
-1.1150000000E-03
-3.3700000000E-03
2.8200000000E-04
2.5370000000E-03
2.6400000000E-03
-7.4300000000E-04
-4.3820000000E-03
-6.3300000000E-03
-9.0980000000E-03
-5.8300000000E-03
1.8070000000E-03
-3.5900000000E-04
-2.6140000000E-03
-1.1500000000E-04
-2.1400000000E-03
-4.5620000000E-03
-2.4350000000E-03
1.2800000000E-04
3.7160000000E-03
6.5870000000E-03
8.4060000000E-03
7.6760000000E-03
6.0100000000E-03
6.2410000000E-03
6.3560000000E-03
-6.7900000000E-04
-9.0210000000E-03
-7.1890000000E-03
-4.6000000000E-03
-6.0480000000E-03
-2.3960000000E-03
6.3560000000E-03
8.9190000000E-03
9.7130000000E-03
8.7520000000E-03
9.7010000000E-03
7.0740000000E-03
5.2410000000E-03
2.3320000000E-03
-3.5240000000E-03
-6.1890000000E-03
-4.7030000000E-03
-6.4330000000E-03
-4.2930000000E-03
1.6150000000E-03
6.2660000000E-03
9.6880000000E-03
1.2289000000E-02
9.7010000000E-03
5.6260000000E-03
1.8580000000E-03
5.7700000000E-04
-2.3320000000E-03
-7.1250000000E-03
-8.6370000000E-03
-5.7660000000E-03
5.1300000000E-04
1.2940000000E-03
-3.2550000000E-03
-7.1120000000E-03
-5.3310000000E-03
-2.4350000000E-03
3.3300000000E-04
3.3060000000E-03
5.5100000000E-04
-1.0046000000E-02
-1.4724000000E-02
-1.3365000000E-02
-6.4840000000E-03
-3.4210000000E-03
-4.6770000000E-03
-1.5120000000E-03
3.2100000000E-04
2.9470000000E-03
2.2170000000E-03
-2.2420000000E-03
-6.0870000000E-03
-5.9330000000E-03
-6.2400000000E-03
-5.0230000000E-03
-4.2300000000E-04
6.7920000000E-03
7.2790000000E-03
5.6260000000E-03
5.6900000000E-03
5.6770000000E-03
4.0880000000E-03
2.6900000000E-04
-1.0120000000E-03
6.5480000000E-03
1.3558000000E-02
9.4320000000E-03
1.6400000000E-03
-3.3830000000E-03
-7.0350000000E-03
-7.9700000000E-03
-5.3310000000E-03
-4.4980000000E-03
-8.9960000000E-03
-6.1760000000E-03
1.7430000000E-03
3.3450000000E-03
5.1640000000E-03
8.3550000000E-03
1.2417000000E-02
1.4019000000E-02
9.8540000000E-03
7.1380000000E-03
2.5370000000E-03
1.2560000000E-03
2.4610000000E-03
3.2550000000E-03
-1.4090000000E-03
-6.1120000000E-03
-7.8040000000E-03
-9.6360000000E-03
-8.4700000000E-03
-6.2530000000E-03
-1.5760000000E-03
-1.6400000000E-03
-2.7930000000E-03
4.1000000000E-04
3.9470000000E-03
3.3060000000E-03
5.2280000000E-03
9.1240000000E-03
8.9570000000E-03
1.0367000000E-02
1.0636000000E-02
4.8440000000E-03
1.7040000000E-03
3.0120000000E-03
2.1530000000E-03
-9.0000000000E-05
-8.9700000000E-04
-1.7300000000E-03
-1.7550000000E-03
-1.3200000000E-03
1.7430000000E-03
2.4860000000E-03
-1.1660000000E-03
-3.3300000000E-04
4.5110000000E-03
4.1520000000E-03
1.7940000000E-03
5.4210000000E-03
9.8670000000E-03
1.3699000000E-02
1.7300000000E-02
1.7248000000E-02
1.1379000000E-02
5.8310000000E-03
3.5880000000E-03
6.3180000000E-03
7.9450000000E-03
5.9200000000E-03
4.9850000000E-03
1.0124000000E-02
1.6044000000E-02
1.7735000000E-02
1.4288000000E-02
1.1059000000E-02
1.1597000000E-02
7.2400000000E-03
3.4730000000E-03
6.3690000000E-03
1.1277000000E-02
1.2161000000E-02
6.5480000000E-03
4.7670000000E-03
5.2540000000E-03
4.1650000000E-03
3.6780000000E-03
9.0090000000E-03
1.7210000000E-02
1.9683000000E-02
1.1777000000E-02
5.6510000000E-03
4.8570000000E-03
4.5110000000E-03
6.7920000000E-03
1.3032000000E-02
1.3378000000E-02
9.4060000000E-03
9.1620000000E-03
9.8160000000E-03
1.0726000000E-02
1.2353000000E-02
1.5121000000E-02
1.8696000000E-02
1.7953000000E-02
1.5839000000E-02
1.2904000000E-02
1.2789000000E-02
1.3955000000E-02
1.5172000000E-02
1.6710000000E-02
1.5390000000E-02
1.1251000000E-02
1.4058000000E-02
1.9235000000E-02
1.5787000000E-02
9.7260000000E-03
9.9700000000E-03
1.5442000000E-02
1.6556000000E-02
1.3161000000E-02
1.2943000000E-02
1.4263000000E-02
1.4929000000E-02
9.4440000000E-03
7.7530000000E-03
1.4339000000E-02
1.8235000000E-02
1.2328000000E-02
1.5890000000E-03
-3.2160000000E-03
5.1000000000E-05
7.1120000000E-03
1.4621000000E-02
2.0452000000E-02
2.3617000000E-02
2.2438000000E-02
2.0836000000E-02
1.7812000000E-02
1.3289000000E-02
1.2738000000E-02
1.7915000000E-02
2.0337000000E-02
1.2392000000E-02
6.0610000000E-03
6.1770000000E-03
4.5360000000E-03
9.4570000000E-03
1.7761000000E-02
1.9606000000E-02
2.1682000000E-02
2.4078000000E-02
2.2964000000E-02
1.2007000000E-02
5.0750000000E-03
9.9440000000E-03
1.1892000000E-02
1.1636000000E-02
2.0080000000E-02
2.6526000000E-02
2.5398000000E-02
2.5385000000E-02
2.6923000000E-02
2.3989000000E-02
1.8350000000E-02
1.0316000000E-02
5.1260000000E-03
1.1597000000E-02
1.5198000000E-02
1.1674000000E-02
8.1630000000E-03
7.4200000000E-03
6.7020000000E-03
9.8290000000E-03
1.2635000000E-02
1.2597000000E-02
1.4865000000E-02
1.5852000000E-02
1.4480000000E-02
1.6415000000E-02
2.0580000000E-02
2.2682000000E-02
2.0132000000E-02
1.6057000000E-02
1.6492000000E-02
1.9440000000E-02
1.7581000000E-02
1.2674000000E-02
1.1841000000E-02
1.5467000000E-02
1.9491000000E-02
2.0503000000E-02
2.0913000000E-02
2.1375000000E-02
1.7517000000E-02
1.6390000000E-02
1.8735000000E-02
2.1208000000E-02
2.1759000000E-02
2.0900000000E-02
2.7551000000E-02
2.8563000000E-02
2.0926000000E-02
1.8184000000E-02
2.1464000000E-02
1.6902000000E-02
1.1636000000E-02
1.1341000000E-02
1.7684000000E-02
2.4104000000E-02
2.7051000000E-02
2.5206000000E-02
2.3245000000E-02
1.9235000000E-02
1.6274000000E-02
1.9363000000E-02
2.1285000000E-02
1.5544000000E-02
8.9960000000E-03
9.5600000000E-03
1.6313000000E-02
1.7748000000E-02
1.4762000000E-02
1.7658000000E-02
2.0580000000E-02
1.9529000000E-02
1.5582000000E-02
1.6620000000E-02
1.6851000000E-02
1.1789000000E-02
1.3378000000E-02
1.6890000000E-02
1.5300000000E-02
1.4134000000E-02
1.2571000000E-02
1.6543000000E-02
1.7107000000E-02
1.5800000000E-02
1.4019000000E-02
1.8337000000E-02
1.9235000000E-02
1.2968000000E-02
1.0431000000E-02
1.3596000000E-02
1.8107000000E-02
2.0234000000E-02
1.8620000000E-02
1.9529000000E-02
2.3681000000E-02
2.4886000000E-02
2.5937000000E-02
3.2190000000E-02
3.6598000000E-02
3.2241000000E-02
2.3720000000E-02
1.8274000000E-02
2.0388000000E-02
2.2989000000E-02
2.3297000000E-02
2.2131000000E-02
2.1785000000E-02
2.1951000000E-02
2.1554000000E-02
2.0875000000E-02
1.8286000000E-02
1.8453000000E-02
1.9875000000E-02
2.0644000000E-02
1.9273000000E-02
2.1951000000E-02
2.4296000000E-02
2.4399000000E-02
1.9952000000E-02
1.9094000000E-02
2.2899000000E-02
2.0952000000E-02
2.1695000000E-02
3.0191000000E-02
3.3164000000E-02
3.2408000000E-02
2.8717000000E-02
2.5206000000E-02
2.5424000000E-02
3.3497000000E-02
3.9071000000E-02
3.7380000000E-02
3.2677000000E-02
2.9537000000E-02
2.6103000000E-02
2.4950000000E-02
3.1664000000E-02
3.7136000000E-02
3.9584000000E-02
3.9827000000E-02
3.8289000000E-02
3.7034000000E-02
3.6419000000E-02
4.2211000000E-02
4.2570000000E-02
3.9122000000E-02
3.5586000000E-02
3.7341000000E-02
3.8072000000E-02
3.7123000000E-02
3.7380000000E-02
4.0468000000E-02
4.5389000000E-02
4.4735000000E-02
4.2211000000E-02
4.0635000000E-02
4.0276000000E-02
4.2031000000E-02
4.1660000000E-02
4.2723000000E-02
3.9904000000E-02
3.6790000000E-02
3.9853000000E-02
4.3223000000E-02
4.5594000000E-02
4.5235000000E-02
4.4953000000E-02
4.3902000000E-02
4.5466000000E-02
4.6311000000E-02
4.2070000000E-02
4.4415000000E-02
5.1950000000E-02
5.1655000000E-02
5.0976000000E-02
5.3590000000E-02
5.5794000000E-02
5.5602000000E-02
5.8011000000E-02
5.9625000000E-02
6.2073000000E-02
6.5264000000E-02
6.5712000000E-02
6.2855000000E-02
5.7729000000E-02
5.9895000000E-02
6.6955000000E-02
7.1210000000E-02
6.9223000000E-02
6.9723000000E-02
7.9783000000E-02
8.9291000000E-02
9.6134000000E-02
1.0434800000E-01
1.1277900000E-01
1.2009600000E-01
1.2875900000E-01
1.3962600000E-01
1.4441800000E-01
1.4585300000E-01
1.5443900000E-01
1.7114900000E-01
1.8454000000E-01
2.0140400000E-01
2.2440500000E-01
2.4768900000E-01
2.7046000000E-01
3.0017700000E-01
3.2904800000E-01
3.5006300000E-01
3.6920800000E-01
3.9141500000E-01
4.0515200000E-01
4.0389600000E-01
4.0256400000E-01
3.9720700000E-01
3.8414900000E-01
3.6873400000E-01
3.5316400000E-01
3.4774400000E-01
3.4632100000E-01
3.4302800000E-01
3.4219500000E-01
3.4328400000E-01
3.4987100000E-01
3.5621400000E-01
3.5898200000E-01
3.5358700000E-01
3.4762800000E-01
3.4013200000E-01
3.3443000000E-01
3.1695100000E-01
2.8957900000E-01
2.6592400000E-01
2.4781700000E-01
2.2936500000E-01
2.1212900000E-01
1.9963500000E-01
1.8866600000E-01
1.8196400000E-01
1.7344300000E-01
1.5859100000E-01
1.4372600000E-01
1.3374400000E-01
1.2181400000E-01
1.1089600000E-01
1.0594900000E-01
1.0141300000E-01
9.6044000000E-02
9.2200000000E-02
8.6741000000E-02
8.3742000000E-02
7.9642000000E-02
7.7053000000E-02
7.9424000000E-02
8.3755000000E-02
7.7463000000E-02
6.7545000000E-02
6.6033000000E-02
6.5430000000E-02
6.6186000000E-02
6.8519000000E-02
6.8288000000E-02
6.5469000000E-02
6.3329000000E-02
6.2688000000E-02
6.1894000000E-02
5.8344000000E-02
5.8280000000E-02
6.5174000000E-02
6.7211000000E-02
6.3700000000E-02
5.8459000000E-02
5.5192000000E-02
5.4615000000E-02
5.3500000000E-02
5.1283000000E-02
5.3949000000E-02
5.6806000000E-02
5.6153000000E-02
5.3590000000E-02
5.3410000000E-02
5.5858000000E-02
6.0510000000E-02
5.6704000000E-02
5.0168000000E-02
5.2296000000E-02
5.6806000000E-02
5.3769000000E-02
4.8490000000E-02
4.5632000000E-02
4.7580000000E-02
4.9451000000E-02
4.5773000000E-02
4.7362000000E-02
5.4141000000E-02
5.4154000000E-02
5.0924000000E-02
5.2885000000E-02
5.0258000000E-02
4.7708000000E-02
5.0002000000E-02
5.0668000000E-02
4.9335000000E-02
4.6683000000E-02
4.8669000000E-02
4.9118000000E-02
4.7439000000E-02
4.9682000000E-02
4.8400000000E-02
4.5209000000E-02
5.0040000000E-02
5.2257000000E-02
4.9553000000E-02
4.4376000000E-02
4.0827000000E-02
3.9212000000E-02
4.5120000000E-02
4.5876000000E-02
4.6337000000E-02
4.8208000000E-02
4.7285000000E-02
4.3364000000E-02
4.0622000000E-02
3.8700000000E-02
4.1583000000E-02
4.5171000000E-02
4.5350000000E-02
3.9468000000E-02
3.7034000000E-02
4.1109000000E-02
4.6850000000E-02
4.3249000000E-02
4.0865000000E-02
4.5235000000E-02
3.9532000000E-02
3.2574000000E-02
3.3446000000E-02
3.3330000000E-02
3.0165000000E-02
2.8012000000E-02
2.8499000000E-02
3.3446000000E-02
3.8033000000E-02
3.8289000000E-02
3.5035000000E-02
2.6488000000E-02
2.3976000000E-02
2.4168000000E-02
2.3258000000E-02
2.4258000000E-02
2.7179000000E-02
2.7589000000E-02
2.0516000000E-02
2.0221000000E-02
2.4540000000E-02
2.2707000000E-02
2.0170000000E-02
1.7338000000E-02
1.4160000000E-02
1.2097000000E-02
1.2571000000E-02
1.0803000000E-02
1.0649000000E-02
1.4942000000E-02
1.1021000000E-02
7.9190000000E-03
9.0340000000E-03
1.0124000000E-02
1.2943000000E-02
2.0747000000E-02
2.4924000000E-02
1.9145000000E-02
8.2910000000E-03
4.7160000000E-03
7.1760000000E-03
1.2956000000E-02
1.4634000000E-02
1.0457000000E-02
8.8290000000E-03
8.7400000000E-03
5.7030000000E-03
7.3170000000E-03
1.0598000000E-02
1.0124000000E-02
8.4190000000E-03
5.1130000000E-03
1.7560000000E-03
1.9860000000E-03
9.1000000000E-04
-1.8190000000E-03
-4.9970000000E-03
-8.8290000000E-03
-9.8800000000E-03
-6.8680000000E-03
-5.1200000000E-04
2.8070000000E-03
4.3440000000E-03
8.0600000000E-03
9.0600000000E-03
6.7660000000E-03
3.8440000000E-03
1.5510000000E-03
-3.1390000000E-03
-3.0880000000E-03
-1.5250000000E-03
7.4300000000E-04
7.4200000000E-03
1.1584000000E-02
7.2790000000E-03
2.6780000000E-03
4.8060000000E-03
6.1250000000E-03
7.2270000000E-03
1.0777000000E-02
9.5080000000E-03
7.8940000000E-03
6.0490000000E-03
4.7410000000E-03
2.1910000000E-03
9.1000000000E-04
3.3700000000E-03
1.9610000000E-03
-5.7280000000E-03
-3.6130000000E-03
5.3050000000E-03
8.3680000000E-03
4.9980000000E-03
8.7200000000E-04
2.5250000000E-03
6.8300000000E-03
6.8050000000E-03
8.7200000000E-04
-1.8710000000E-03
3.6270000000E-03
8.8680000000E-03
9.5980000000E-03
9.4320000000E-03
6.2920000000E-03
6.1890000000E-03
1.0277000000E-02
1.0803000000E-02
4.8700000000E-03
6.6700000000E-04
-9.1000000000E-04
8.8400000000E-04
5.7540000000E-03
9.6110000000E-03
7.1120000000E-03
4.4720000000E-03
2.2300000000E-03
1.6400000000E-03
3.5110000000E-03
5.9460000000E-03
5.6510000000E-03
1.9220000000E-03
-9.2200000000E-04
-3.5900000000E-04
3.1270000000E-03
1.2560000000E-03
-3.9720000000E-03
-3.7420000000E-03
7.2660000000E-03
7.9450000000E-03
1.0770000000E-03
-3.4340000000E-03
-3.3960000000E-03
-3.9700000000E-04
2.8710000000E-03
2.0890000000E-03
1.2050000000E-03
-1.1920000000E-03
-2.0500000000E-04
6.2150000000E-03
1.3763000000E-02
1.8632000000E-02
1.4878000000E-02
1.0739000000E-02
1.0713000000E-02
1.1584000000E-02
1.2891000000E-02
1.2776000000E-02
1.7159000000E-02
1.7389000000E-02
1.6274000000E-02
1.6326000000E-02
1.0739000000E-02
6.5480000000E-03
6.1380000000E-03
3.1010000000E-03
3.3300000000E-04
-4.3600000000E-04
1.1410000000E-03
2.3320000000E-03
1.1530000000E-03
-1.4730000000E-03
2.8960000000E-03
9.7260000000E-03
9.3030000000E-03
1.0047000000E-02
1.1546000000E-02
7.4070000000E-03
2.2040000000E-03
-2.7420000000E-03
-5.8430000000E-03
-4.2410000000E-03
5.6400000000E-04
5.5870000000E-03
5.9720000000E-03
7.3170000000E-03
1.4096000000E-02
1.4634000000E-02
7.2530000000E-03
1.6020000000E-03
5.0870000000E-03
1.0585000000E-02
1.0611000000E-02
1.3519000000E-02
8.8550000000E-03
2.3320000000E-03
-3.3300000000E-04
-1.6600000000E-04
3.9210000000E-03
8.6880000000E-03
9.4060000000E-03
9.5600000000E-03
8.6110000000E-03
1.0585000000E-02
1.2379000000E-02
1.2353000000E-02
1.1546000000E-02
1.2392000000E-02
9.5980000000E-03
7.9190000000E-03
7.2020000000E-03
3.8570000000E-03
2.4730000000E-03
4.8060000000E-03
9.2910000000E-03
1.0892000000E-02
1.1687000000E-02
8.3550000000E-03
4.9210000000E-03
8.5860000000E-03
1.6005000000E-02
1.4993000000E-02
1.0418000000E-02
1.2686000000E-02
1.9901000000E-02
1.8850000000E-02
1.3353000000E-02
1.3135000000E-02
1.3955000000E-02
1.5326000000E-02
1.6787000000E-02
1.6313000000E-02
1.4237000000E-02
8.4700000000E-03
8.0220000000E-03
1.5416000000E-02
2.0593000000E-02
2.0952000000E-02
1.6428000000E-02
9.9950000000E-03
6.5230000000E-03
7.0100000000E-03
6.6380000000E-03
5.8440000000E-03
6.5350000000E-03
5.2800000000E-03
-2.8830000000E-03
-4.6510000000E-03
-7.6900000000E-04
2.3960000000E-03
8.8810000000E-03
1.3199000000E-02
1.2956000000E-02
9.9180000000E-03
7.4070000000E-03
4.0880000000E-03
-8.4600000000E-04
-2.6910000000E-03
2.3100000000E-04
6.2280000000E-03
1.4147000000E-02
1.5582000000E-02
1.3045000000E-02
1.3455000000E-02
1.3635000000E-02
1.2469000000E-02
1.1943000000E-02
1.6915000000E-02
2.5078000000E-02
2.7564000000E-02
2.6846000000E-02
2.2182000000E-02
1.3647000000E-02
1.0854000000E-02
1.4698000000E-02
1.6492000000E-02
1.7159000000E-02
1.7607000000E-02
1.6813000000E-02
1.6467000000E-02
1.9106000000E-02
1.4237000000E-02
4.0240000000E-03
5.4720000000E-03
1.0674000000E-02
1.2340000000E-02
1.1533000000E-02
1.2917000000E-02
1.5160000000E-02
1.7171000000E-02
1.4224000000E-02
1.0188000000E-02
1.1687000000E-02
1.3417000000E-02
1.0726000000E-02
5.1770000000E-03
2.1150000000E-03
3.0500000000E-03
3.9850000000E-03
5.3310000000E-03
1.1366000000E-02
1.3391000000E-02
7.3680000000E-03
1.0713000000E-02
1.7018000000E-02
2.1656000000E-02
2.6628000000E-02
2.1336000000E-02
1.4750000000E-02
1.7133000000E-02
1.7684000000E-02
1.3788000000E-02
1.3122000000E-02
1.5775000000E-02
1.8209000000E-02
2.1477000000E-02
2.1310000000E-02
1.9709000000E-02
1.9337000000E-02
2.0606000000E-02
2.4143000000E-02
2.2233000000E-02
1.9183000000E-02
2.0170000000E-02
1.8402000000E-02
1.6492000000E-02
9.8800000000E-03
4.5490000000E-03
5.8560000000E-03
8.0990000000E-03
1.0726000000E-02
9.2650000000E-03
4.9850000000E-03
1.0085000000E-02
1.3532000000E-02
8.5350000000E-03
5.5230000000E-03
4.6650000000E-03
3.9470000000E-03
8.6750000000E-03
1.2417000000E-02
1.5916000000E-02
1.4019000000E-02
1.0393000000E-02
9.6880000000E-03
1.4903000000E-02
1.5095000000E-02
1.0521000000E-02
9.6750000000E-03
1.0559000000E-02
1.4288000000E-02
1.9555000000E-02
2.2976000000E-02
1.8427000000E-02
1.6659000000E-02
1.8530000000E-02
1.3571000000E-02
7.6380000000E-03
6.6890000000E-03
5.5230000000E-03
4.2160000000E-03
9.4190000000E-03
1.5019000000E-02
2.1298000000E-02
2.1887000000E-02
1.7979000000E-02
1.4224000000E-02
1.2264000000E-02
1.2340000000E-02
7.5350000000E-03
6.8560000000E-03
7.2790000000E-03
7.8430000000E-03
4.9210000000E-03
-3.1520000000E-03
-6.0200000000E-04
8.3300000000E-03
8.4320000000E-03
7.1510000000E-03
7.7910000000E-03
7.4710000000E-03
1.1251000000E-02
8.5600000000E-03
1.9090000000E-03
1.2430000000E-03
4.2670000000E-03
5.4720000000E-03
5.1130000000E-03
8.0990000000E-03
1.1930000000E-02
1.1853000000E-02
8.3550000000E-03
3.7800000000E-03
5.3440000000E-03
9.6750000000E-03
8.6630000000E-03
2.3710000000E-03
1.6700000000E-04
-1.2940000000E-03
-2.4730000000E-03
9.7400000000E-04
3.3960000000E-03
2.4730000000E-03
-1.1400000000E-03
4.2300000000E-04
4.8440000000E-03
6.5100000000E-03
7.7910000000E-03
1.1892000000E-02
1.8671000000E-02
2.0042000000E-02
1.7915000000E-02
1.0508000000E-02
4.9850000000E-03
1.0995000000E-02
1.5095000000E-02
1.3519000000E-02
1.1841000000E-02
1.2392000000E-02
8.0600000000E-03
4.7540000000E-03
4.9980000000E-03
4.1260000000E-03
3.5630000000E-03
3.4730000000E-03
2.6400000000E-03
4.0620000000E-03
1.0892000000E-02
1.2712000000E-02
9.5080000000E-03
1.0726000000E-02
1.2750000000E-02
1.0149000000E-02
-3.7100000000E-04
-1.7300000000E-03
5.6770000000E-03
8.1500000000E-03
7.0610000000E-03
4.8700000000E-03
5.1300000000E-04
3.6010000000E-03
6.5230000000E-03
5.8180000000E-03
2.5600000000E-04
-5.2500000000E-04
2.3450000000E-03
-2.1530000000E-03
-9.2130000000E-03
-6.2400000000E-03
-1.9990000000E-03
3.2680000000E-03
1.7170000000E-03
-3.5110000000E-03
6.7900000000E-04
7.5860000000E-03
8.9190000000E-03
7.5350000000E-03
1.0790000000E-02
1.1713000000E-02
4.8700000000E-03
-2.0500000000E-03
-1.7680000000E-03
2.4220000000E-03
3.7160000000E-03
4.4340000000E-03
4.4340000000E-03
1.2560000000E-03
1.9990000000E-03
7.6250000000E-03
9.8290000000E-03
1.1905000000E-02
8.6370000000E-03
2.1530000000E-03
-2.7810000000E-03
-4.1770000000E-03
-2.9730000000E-03
2.0250000000E-03
1.0277000000E-02
1.6467000000E-02
1.2058000000E-02
3.1400000000E-03
-9.8700000000E-04
-1.7430000000E-03
4.1900000000E-03
9.3670000000E-03
7.9960000000E-03
1.5760000000E-03
-1.6400000000E-03
-2.7930000000E-03
-8.3680000000E-03
-1.0943000000E-02
-1.5400000000E-04
5.5100000000E-03
6.7660000000E-03
5.8560000000E-03
3.7040000000E-03
1.8200000000E-03
2.9990000000E-03
2.9730000000E-03
2.3200000000E-03
3.1780000000E-03
7.2270000000E-03
8.8810000000E-03
6.3820000000E-03
1.9220000000E-03
6.4100000000E-04
1.9200000000E-04
-2.5370000000E-03
-8.2000000000E-04
2.2680000000E-03
3.2170000000E-03
4.3440000000E-03
2.8070000000E-03
-9.1000000000E-04
-1.7300000000E-03
-9.6100000000E-04
1.8840000000E-03
-8.5800000000E-04
-7.9960000000E-03
-8.0090000000E-03
-5.0620000000E-03
-5.2280000000E-03
-3.1390000000E-03
1.5400000000E-04
2.2040000000E-03
7.7400000000E-03
4.2550000000E-03
-2.3830000000E-03
1.2050000000E-03
6.7410000000E-03
6.8560000000E-03
1.4230000000E-03
-4.5490000000E-03
-1.0149000000E-02
-4.6510000000E-03
3.7420000000E-03
5.6510000000E-03
3.6910000000E-03
2.6010000000E-03
4.9980000000E-03
5.2160000000E-03
6.9330000000E-03
2.8960000000E-03
6.0200000000E-04
2.8320000000E-03
4.0880000000E-03
-1.7940000000E-03
-4.0750000000E-03
-4.2930000000E-03
-3.2420000000E-03
-3.7290000000E-03
-1.4990000000E-03
2.8960000000E-03
9.4800000000E-04
-4.9080000000E-03
-3.9080000000E-03
1.9090000000E-03
4.4720000000E-03
5.7150000000E-03
4.7030000000E-03
2.9990000000E-03
7.2020000000E-03
8.1630000000E-03
6.6250000000E-03
5.2930000000E-03
9.4570000000E-03
1.0482000000E-02
3.2170000000E-03
1.7040000000E-03
8.7010000000E-03
1.1725000000E-02
8.0990000000E-03
4.5360000000E-03
8.1240000000E-03
1.3660000000E-02
1.3430000000E-02
9.3030000000E-03
4.2290000000E-03
2.0890000000E-03
-3.4850000000E-03
-5.9590000000E-03
-1.8450000000E-03
2.3450000000E-03
-2.1800000000E-04
1.7300000000E-03
9.5210000000E-03
9.3160000000E-03
7.1380000000E-03
5.6770000000E-03
5.4720000000E-03
9.3290000000E-03
8.6630000000E-03
3.8440000000E-03
8.3300000000E-03
9.1880000000E-03
5.7790000000E-03
4.5490000000E-03
3.6910000000E-03
4.0370000000E-03
1.9480000000E-03
2.3840000000E-03
-1.1530000000E-03
-8.2520000000E-03
-1.0367000000E-02
-7.3040000000E-03
-7.4710000000E-03
-6.8560000000E-03
-4.3600000000E-04
5.0230000000E-03
5.9840000000E-03
4.7410000000E-03
3.9730000000E-03
4.1010000000E-03
-5.1200000000E-04
-2.6650000000E-03
-2.5630000000E-03
-2.5880000000E-03
-3.1650000000E-03
-2.1400000000E-03
1.0380000000E-03
2.4610000000E-03
9.6100000000E-04
2.8580000000E-03
1.2430000000E-03
-3.8570000000E-03
-6.8560000000E-03
-5.8560000000E-03
-2.3450000000E-03
6.1500000000E-04
-4.6100000000E-04
-2.3830000000E-03
-1.3450000000E-03
-2.2170000000E-03
-2.7290000000E-03
-2.5600000000E-04
1.0120000000E-03
1.7940000000E-03
3.8440000000E-03
3.6270000000E-03
2.4400000000E-04
-2.6400000000E-03
-7.7010000000E-03
-1.1930000000E-02
-9.3030000000E-03
-3.3300000000E-04
5.9970000000E-03
8.0350000000E-03
4.5360000000E-03
2.3070000000E-03
4.6260000000E-03
6.4970000000E-03
4.0240000000E-03
-3.2030000000E-03
-8.6370000000E-03
-8.2780000000E-03
-7.9400000000E-04
5.5870000000E-03
1.4230000000E-03
-2.6140000000E-03
-1.8190000000E-03
1.3970000000E-03
5.4080000000E-03
6.8560000000E-03
4.4850000000E-03
9.8700000000E-04
-1.6790000000E-03
-4.4340000000E-03
-1.2940000000E-03
7.0350000000E-03
1.1546000000E-02
1.1495000000E-02
1.0303000000E-02
5.0110000000E-03
6.1500000000E-04
4.5750000000E-03
5.8440000000E-03
5.2410000000E-03
1.1020000000E-03
-3.1780000000E-03
-5.5230000000E-03
-1.3710000000E-03
6.3050000000E-03
1.1200000000E-02
1.4852000000E-02
1.6518000000E-02
9.5720000000E-03
2.2170000000E-03
-1.5630000000E-03
-3.1650000000E-03
1.4480000000E-03
3.1400000000E-03
6.8050000000E-03
8.9700000000E-03
8.9570000000E-03
6.8940000000E-03
4.0880000000E-03
4.3700000000E-03
4.1140000000E-03
5.0110000000E-03
7.9190000000E-03
9.7390000000E-03
5.6380000000E-03
2.6910000000E-03
4.8820000000E-03
3.4470000000E-03
5.0360000000E-03
6.1130000000E-03
6.2920000000E-03
4.2930000000E-03
-4.2300000000E-04
1.8970000000E-03
6.5230000000E-03
6.1130000000E-03
2.7420000000E-03
2.5500000000E-03
2.3710000000E-03
6.1500000000E-04
2.9470000000E-03
6.4100000000E-04
-2.9470000000E-03
-2.0250000000E-03
6.7900000000E-04
7.7910000000E-03
1.2494000000E-02
9.3160000000E-03
2.5890000000E-03
-1.6530000000E-03
-3.3440000000E-03
-1.7680000000E-03
-2.2680000000E-03
-3.2680000000E-03
1.8330000000E-03
5.1640000000E-03
1.3000000000E-05
-3.2930000000E-03
-5.3310000000E-03
-5.8690000000E-03
-4.0110000000E-03
-3.7540000000E-03
-1.1020000000E-03
2.3070000000E-03
1.4870000000E-03
-4.8690000000E-03
-7.2780000000E-03
-4.9330000000E-03
-5.4200000000E-03
-8.3680000000E-03
-7.2140000000E-03
3.8500000000E-04
8.0700000000E-04
-1.3450000000E-03
-4.4340000000E-03
-1.4860000000E-03
1.8000000000E-04
7.9500000000E-04
1.1790000000E-03
-1.9730000000E-03
-3.1010000000E-03
5.7700000000E-04
6.0610000000E-03
2.8960000000E-03
-6.4840000000E-03
-7.8290000000E-03
-6.3430000000E-03
-5.8560000000E-03
-6.1380000000E-03
-2.5880000000E-03
2.8070000000E-03
2.4220000000E-03
-7.1700000000E-04
3.9700000000E-04
1.9220000000E-03
-3.6130000000E-03
-9.4820000000E-03
-8.2270000000E-03
-1.7040000000E-03
-9.9900000000E-04
-2.4220000000E-03
2.3100000000E-04
1.1500000000E-04
1.9740000000E-03
1.2300000000E-03
-9.4800000000E-04
-9.2200000000E-04
1.7430000000E-03
1.9220000000E-03
1.1530000000E-03
-3.8060000000E-03
-5.2410000000E-03
-1.8840000000E-03
-7.3000000000E-04
4.8700000000E-04
-1.9090000000E-03
-3.5620000000E-03
-4.1650000000E-03
-4.3310000000E-03
-3.4980000000E-03
-3.2680000000E-03
-6.2660000000E-03
-8.4060000000E-03
-9.1880000000E-03
-1.0764000000E-02
-7.1370000000E-03
1.4230000000E-03
7.0480000000E-03
2.4350000000E-03
-3.4080000000E-03
-4.4590000000E-03
-6.5860000000E-03
-4.8560000000E-03
-2.4730000000E-03
-7.2660000000E-03
-1.0546000000E-02
-9.1490000000E-03
-2.3830000000E-03
9.1880000000E-03
1.0803000000E-02
8.0350000000E-03
5.6770000000E-03
4.0110000000E-03
3.8500000000E-04
-1.2040000000E-03
-1.7170000000E-03
-2.6140000000E-03
-1.1280000000E-03
4.5620000000E-03
7.4840000000E-03
2.4480000000E-03
-2.1400000000E-03
4.8700000000E-04
1.6660000000E-03
1.8710000000E-03
4.2800000000E-03
2.1400000000E-03
-3.3320000000E-03
-2.3830000000E-03
4.2670000000E-03
4.4720000000E-03
-7.8200000000E-04
-2.8960000000E-03
2.9600000000E-03
7.0610000000E-03
-4.0240000000E-03
-1.0059000000E-02
-3.2550000000E-03
2.4350000000E-03
5.1900000000E-03
5.4850000000E-03
4.2290000000E-03
1.3070000000E-03
-5.4200000000E-03
-7.8420000000E-03
-4.5100000000E-03
5.0000000000E-04
-3.8400000000E-04
-2.6270000000E-03
-5.0490000000E-03
-3.7420000000E-03
-6.4000000000E-05
-2.6650000000E-03
-4.3820000000E-03
-6.1510000000E-03
-3.6650000000E-03
-8.8400000000E-04
-4.1130000000E-03
-3.7800000000E-03
-3.2930000000E-03
-1.7430000000E-03
3.2680000000E-03
-6.4100000000E-04
-3.8060000000E-03
-4.7920000000E-03
-5.5610000000E-03
-3.5490000000E-03
-1.6790000000E-03
3.0800000000E-04
-4.3050000000E-03
-1.0392000000E-02
-6.0740000000E-03
2.0500000000E-04
-5.2500000000E-04
-6.6380000000E-03
-7.0990000000E-03
-3.6900000000E-03
-3.3960000000E-03
-2.1400000000E-03
-2.7810000000E-03
-7.1370000000E-03
-4.0750000000E-03
4.4210000000E-03
9.8160000000E-03
7.8300000000E-03
2.0760000000E-03
-4.7030000000E-03
-5.8940000000E-03
1.0300000000E-04
3.3830000000E-03
6.6760000000E-03
7.7400000000E-03
7.8550000000E-03
4.1010000000E-03
-1.3450000000E-03
8.5900000000E-04
6.1510000000E-03
7.6500000000E-03
3.1650000000E-03
2.4400000000E-04
3.1010000000E-03
2.7550000000E-03
-1.9860000000E-03
-2.6520000000E-03
1.9610000000E-03
6.9200000000E-03
7.1120000000E-03
3.7160000000E-03
9.7400000000E-04
1.3000000000E-05
2.0500000000E-03
6.7020000000E-03
4.5750000000E-03
5.5230000000E-03
6.7150000000E-03
5.1900000000E-03
5.2280000000E-03
3.9730000000E-03
4.2800000000E-03
2.8710000000E-03
5.2930000000E-03
6.3950000000E-03
6.9710000000E-03
8.2650000000E-03
6.8810000000E-03
1.8710000000E-03
1.7940000000E-03
4.0500000000E-03
3.3060000000E-03
2.9090000000E-03
2.5890000000E-03
6.0490000000E-03
9.0340000000E-03
5.3440000000E-03
-1.7170000000E-03
-1.4350000000E-03
3.5110000000E-03
5.1260000000E-03
4.4850000000E-03
3.0370000000E-03
-2.9980000000E-03
-9.1240000000E-03
-4.8310000000E-03
2.3320000000E-03
3.3320000000E-03
-5.1200000000E-04
-1.4350000000E-03
3.8570000000E-03
7.0220000000E-03
3.9600000000E-03
5.1000000000E-05
5.0000000000E-04
6.7150000000E-03
1.2635000000E-02
9.6620000000E-03
6.4070000000E-03
6.2150000000E-03
5.9970000000E-03
5.3050000000E-03
5.6510000000E-03
8.9960000000E-03
1.0213000000E-02
5.0110000000E-03
4.8700000000E-04
-1.3450000000E-03
3.3300000000E-04
5.4460000000E-03
5.2930000000E-03
4.1780000000E-03
-3.2000000000E-04
-3.9590000000E-03
-1.3970000000E-03
5.3800000000E-04
-2.5880000000E-03
-2.7040000000E-03
2.3200000000E-03
6.9330000000E-03
7.0480000000E-03
1.6530000000E-03
-6.4100000000E-04
-9.6100000000E-04
-3.1390000000E-03
-5.3560000000E-03
-6.2530000000E-03
-5.6130000000E-03
-1.3840000000E-03
6.9070000000E-03
6.1250000000E-03
4.6390000000E-03
6.4710000000E-03
8.7010000000E-03
7.6500000000E-03
2.8960000000E-03
1.0640000000E-03
-1.5400000000E-04
-4.8820000000E-03
-4.0110000000E-03
1.1150000000E-03
2.0500000000E-04
0.0000000000E+00
2.5630000000E-03
-1.0250000000E-03
-5.0490000000E-03
-1.0751000000E-02
-1.0610000000E-02
-6.1510000000E-03
-1.0630000000E-03
2.9090000000E-03
2.6910000000E-03
-1.2800000000E-04
3.2930000000E-03
1.0713000000E-02
1.2699000000E-02
1.2417000000E-02
1.0508000000E-02
6.7020000000E-03
4.6130000000E-03
3.2290000000E-03
6.4970000000E-03
9.4960000000E-03
9.1240000000E-03
6.4070000000E-03
4.4470000000E-03
2.3960000000E-03
2.1800000000E-04
1.0250000000E-03
5.6640000000E-03
1.0354000000E-02
1.1943000000E-02
9.9060000000E-03
-6.7900000000E-04
-4.7540000000E-03
-2.8960000000E-03
-5.0000000000E-04
-3.9700000000E-04
2.6140000000E-03
5.1640000000E-03
3.6780000000E-03
1.9220000000E-03
8.8290000000E-03
1.6838000000E-02
1.5070000000E-02
1.0316000000E-02
1.0559000000E-02
1.0777000000E-02
1.2276000000E-02
1.4775000000E-02
1.9965000000E-02
2.0426000000E-02
1.6121000000E-02
1.0367000000E-02
9.7780000000E-03
1.3058000000E-02
1.2686000000E-02
1.3032000000E-02
1.5429000000E-02
1.4006000000E-02
1.3148000000E-02
1.0149000000E-02
5.1520000000E-03
6.3560000000E-03
8.6630000000E-03
6.7020000000E-03
7.9840000000E-03
1.1969000000E-02
1.3020000000E-02
1.2481000000E-02
9.0980000000E-03
6.8940000000E-03
7.8680000000E-03
1.4519000000E-02
2.0414000000E-02
2.1400000000E-02
2.1387000000E-02
2.1464000000E-02
2.1323000000E-02
2.1426000000E-02
1.7018000000E-02
1.2110000000E-02
1.2674000000E-02
1.3763000000E-02
1.3904000000E-02
1.9491000000E-02
2.0567000000E-02
1.8453000000E-02
1.9542000000E-02
2.0055000000E-02
1.7992000000E-02
2.1259000000E-02
2.4950000000E-02
1.8863000000E-02
1.6351000000E-02
1.6415000000E-02
1.4147000000E-02
1.6108000000E-02
1.3545000000E-02
9.6620000000E-03
1.1572000000E-02
1.6326000000E-02
1.6364000000E-02
1.2622000000E-02
1.1994000000E-02
1.3622000000E-02
1.4737000000E-02
1.4839000000E-02
1.1828000000E-02
8.9570000000E-03
2.6140000000E-03
-1.7550000000E-03
4.7540000000E-03
1.2148000000E-02
1.4045000000E-02
1.9939000000E-02
2.4886000000E-02
2.0298000000E-02
1.8145000000E-02
1.7184000000E-02
1.2379000000E-02
7.4970000000E-03
6.4590000000E-03
1.0393000000E-02
1.0969000000E-02
8.3300000000E-03
4.9850000000E-03
5.7670000000E-03
1.0188000000E-02
1.1725000000E-02
8.3550000000E-03
1.0867000000E-02
1.4557000000E-02
1.5044000000E-02
1.4173000000E-02
1.6057000000E-02
1.5070000000E-02
1.0995000000E-02
1.0226000000E-02
1.1828000000E-02
1.2340000000E-02
1.5121000000E-02
1.3583000000E-02
1.4890000000E-02
2.1733000000E-02
2.0452000000E-02
1.1546000000E-02
4.5490000000E-03
5.4210000000E-03
1.3737000000E-02
1.6838000000E-02
1.1431000000E-02
7.8430000000E-03
8.7780000000E-03
1.1149000000E-02
1.6005000000E-02
1.5454000000E-02
8.2780000000E-03
6.7900000000E-04
-1.0250000000E-03
2.8580000000E-03
8.9830000000E-03
9.5340000000E-03
7.3680000000E-03
8.8550000000E-03
1.3660000000E-02
1.9004000000E-02
2.0414000000E-02
9.4440000000E-03
3.1270000000E-03
5.5620000000E-03
7.1760000000E-03
5.6000000000E-03
2.5630000000E-03
7.0990000000E-03
1.3609000000E-02
1.7889000000E-02
1.1892000000E-02
3.7420000000E-03
-3.7930000000E-03
-6.7530000000E-03
-5.8900000000E-04
4.9210000000E-03
5.0490000000E-03
3.8960000000E-03
5.6640000000E-03
7.4580000000E-03
4.2290000000E-03
2.7680000000E-03
4.5880000000E-03
7.5350000000E-03
8.9830000000E-03
1.1046000000E-02
9.2520000000E-03
4.4850000000E-03
1.2050000000E-03
5.9330000000E-03
6.4710000000E-03
9.9180000000E-03
1.0905000000E-02
1.0290000000E-02
1.2135000000E-02
1.4698000000E-02
1.1008000000E-02
6.1130000000E-03
8.9320000000E-03
1.2956000000E-02
1.7966000000E-02
1.7492000000E-02
1.7799000000E-02
1.8517000000E-02
1.0431000000E-02
7.1380000000E-03
2.6530000000E-03
-5.1000000000E-05
4.0240000000E-03
6.3180000000E-03
7.0480000000E-03
7.6890000000E-03
7.7660000000E-03
7.6630000000E-03
5.2600000000E-04
-3.2290000000E-03
4.3950000000E-03
1.1097000000E-02
9.9570000000E-03
7.0100000000E-03
8.3040000000E-03
6.8170000000E-03
1.9990000000E-03
7.3100000000E-04
5.3440000000E-03
7.6630000000E-03
2.8320000000E-03
-1.3450000000E-03
-1.1280000000E-03
4.1520000000E-03
8.5860000000E-03
9.4830000000E-03
8.0350000000E-03
4.4850000000E-03
2.5600000000E-04
1.4100000000E-03
7.6500000000E-03
1.0726000000E-02
7.7270000000E-03
5.1300000000E-04
-2.9730000000E-03
4.2420000000E-03
1.2981000000E-02
9.1110000000E-03
7.8300000000E-03
8.1500000000E-03
9.1750000000E-03
9.6880000000E-03
1.1738000000E-02
9.1620000000E-03
1.9220000000E-03
3.7200000000E-04
4.7930000000E-03
5.9460000000E-03
8.4830000000E-03
1.1879000000E-02
1.0431000000E-02
1.1572000000E-02
1.0854000000E-02
8.0220000000E-03
9.7520000000E-03
1.1994000000E-02
1.3186000000E-02
1.2123000000E-02
1.0034000000E-02
5.7280000000E-03
3.1650000000E-03
7.0480000000E-03
1.2648000000E-02
1.4852000000E-02
1.6518000000E-02
1.8568000000E-02
2.1451000000E-02
2.2208000000E-02
1.8760000000E-02
1.6364000000E-02
2.1515000000E-02
2.6193000000E-02
2.4847000000E-02
2.3412000000E-02
2.5706000000E-02
3.4215000000E-02
3.6611000000E-02
3.5522000000E-02
3.7111000000E-02
3.6931000000E-02
4.0660000000E-02
4.9412000000E-02
5.5256000000E-02
5.5064000000E-02
5.7870000000E-02
5.9613000000E-02
6.1983000000E-02
6.5699000000E-02
6.6878000000E-02
7.0454000000E-02
7.6681000000E-02
8.5523000000E-02
9.0957000000E-02
9.4352000000E-02
9.9722000000E-02
1.0380900000E-01
1.0186200000E-01
9.8235000000E-02
1.0068300000E-01
1.0587300000E-01
1.1452200000E-01
1.1943000000E-01
1.1794400000E-01
1.1904600000E-01