-1.46790E+01
-1.39100E+01
-1.39100E+01
-1.37280E+01
-1.36240E+01
-1.31800E+01
-1.31600E+01
-1.29550E+01
-1.29000E+01
-1.26200E+01
-1.25700E+01
-1.21100E+01
-1.19410E+01
-1.19140E+01
-1.16900E+01
-1.16400E+01
-1.15120E+01
-1.14550E+01
-1.12700E+01
-1.11700E+01
-1.11380E+01
-1.08300E+01
-1.07700E+01
-1.07200E+01
-1.05720E+01
-1.06420E+01
-1.05600E+01
-1.05200E+01
-1.05500E+01
-1.04490E+01
-1.03700E+01
-1.03800E+01
-1.03900E+01
-1.03360E+01
-1.03030E+01
-1.02900E+01
-1.02020E+01
-1.01180E+01
-1.01100E+01
-1.00670E+01
-1.00150E+01
-1.00150E+01
-1.00420E+01
-1.00000E+01
-1.00110E+01
-1.00160E+01
-1.00060E+01
-1.00250E+01
-1.00400E+01
-1.00310E+01
-9.98900E+00
-1.00800E+01
-9.99000E+00
-1.00190E+01
-1.00600E+01
-1.00450E+01
-1.00900E+01
-1.00800E+01
-1.02300E+01
-1.01810E+01
-1.03000E+01
-1.02830E+01
-1.04300E+01
-1.04400E+01
-1.04280E+01
-1.05800E+01
-1.06550E+01
-1.07300E+01
-1.07300E+01
-1.06720E+01
-1.07500E+01
-1.07500E+01
-1.07310E+01
-1.07500E+01
-1.07500E+01
-1.07300E+01
-1.08500E+01
-1.08500E+01
-1.08650E+01
-1.09250E+01
-1.09580E+01
-1.10600E+01
-1.10540E+01
-1.15900E+01
-1.16300E+01
-1.16150E+01
-1.16600E+01
-1.17800E+01
-1.17900E+01
-1.18620E+01
-1.18790E+01
-1.20000E+01
-1.20100E+01
-1.20850E+01
-1.21500E+01
-1.21900E+01
-1.21900E+01
-1.22560E+01
-1.23300E+01
-1.23200E+01
-1.23430E+01
-1.25000E+01
-1.25100E+01
-1.25800E+01
-1.26000E+01
-1.27100E+01
-1.26880E+01
-1.27960E+01
-1.29000E+01
-1.29040E+01
-1.29020E+01
-1.30600E+01
-1.31550E+01
-1.33530E+01
-1.34450E+01
-1.36240E+01
-1.36910E+01
-1.37000E+01
-1.37690E+01
-1.38470E+01
-1.39910E+01
-1.39450E+01
-1.40400E+01
-1.41450E+01
-1.42700E+01
-1.42700E+01
-1.42800E+01
-1.43520E+01
-1.43250E+01
-1.43660E+01
-1.44470E+01
-1.44020E+01
-1.45230E+01
-1.46390E+01
-1.46500E+01
-1.48100E+01
-1.47570E+01
-1.48000E+01
-1.48600E+01
-1.48800E+01
-1.49390E+01
-1.68565E+01
-1.84063E+01
-1.50500E+01
-1.49510E+01
-1.51200E+01
-1.51720E+01
-1.51650E+01
-1.53200E+01
-1.53940E+01
-1.53400E+01
-1.54800E+01
-1.71898E+01
-1.86933E+01
-1.55700E+01
-1.56100E+01
-1.56400E+01
-1.57350E+01
-1.59700E+01
-1.62600E+01
-1.64430E+01
-1.62100E+01
-1.63100E+01
-1.60700E+01
-1.67290E+01
-1.68680E+01
-1.68300E+01
-1.81619E+01
-1.90780E+01
-1.70280E+01
-1.71850E+01
-1.72410E+01
-1.74210E+01
-1.75080E+01
-1.76840E+01
-1.78440E+01
-1.78930E+01
-1.78940E+01
-1.79650E+01
-1.80090E+01
-1.81930E+01
-1.83020E+01
-1.84110E+01
-1.86760E+01
-1.86530E+01
-1.92080E+01
-1.95710E+01
-1.83000E+01
-2.00490E+01
-1.82800E+01
-1.83400E+01
-2.01630E+01
-2.05030E+01
-1.83600E+01
-1.98710E+01
-2.00620E+01
-1.84200E+01
-1.85200E+01
-1.84700E+01
-1.85900E+01
-1.86500E+01
-1.86700E+01
-1.88600E+01
-1.88100E+01
-1.88800E+01
-1.97300E+01
-1.96200E+01
-2.20000E+01
-2.20700E+01