-1.75790E+01
-1.76250E+01
-1.74570E+01
-1.72710E+01
-1.72780E+01
-1.69620E+01
-1.66810E+01
-1.66280E+01
-1.64330E+01
-1.62880E+01
-1.61410E+01
-1.61340E+01
-1.62540E+01
-1.61190E+01
-1.60370E+01
-1.59850E+01
-1.60260E+01
-1.58600E+01
-1.57880E+01
-1.58780E+01
-1.56180E+01
-1.55720E+01
-1.54970E+01
-1.53810E+01
-1.54460E+01
-1.48520E+01
-1.40800E+01
-1.35880E+01
-1.35610E+01
-1.32540E+01
-1.31560E+01
-1.31020E+01
-1.30540E+01
-1.30420E+01
-1.29980E+01
-1.29730E+01
-1.29690E+01
-1.30140E+01
-1.29430E+01
-1.29010E+01
-1.28690E+01
-1.28510E+01
-1.28540E+01
-1.28330E+01
-1.27830E+01
-1.27500E+01
-1.27870E+01
-1.26960E+01
-1.26030E+01
-1.26790E+01
-1.26610E+01
-1.26190E+01
-1.26320E+01
-1.25860E+01
-1.25510E+01
-1.25560E+01
-1.25610E+01
-1.25700E+01
-1.25440E+01
-1.25830E+01
-1.25320E+01
-1.26050E+01
-1.25410E+01
-1.26010E+01
-1.25490E+01
-1.25470E+01
-1.25530E+01
-1.25690E+01
-1.25660E+01
-1.25850E+01
-1.26120E+01
-1.25790E+01
-1.25760E+01
-1.25870E+01
-1.26340E+01
-1.26740E+01
-1.26820E+01
-1.27080E+01
-1.26950E+01
-1.27550E+01
-1.27430E+01
-1.27240E+01
-1.27220E+01
-1.26950E+01
-1.27540E+01
-1.27290E+01
-1.27520E+01
-1.28040E+01
-1.27520E+01
-1.28010E+01
-1.27910E+01
-1.27970E+01
-1.28590E+01
-1.29950E+01
-1.30590E+01
-1.30950E+01
-1.30470E+01
-1.30420E+01
-1.30240E+01
-1.31810E+01
-1.31420E+01
-1.32070E+01
-1.31630E+01
-1.32560E+01
-1.33500E+01
-1.35410E+01
-1.34200E+01
-1.33900E+01
-1.34530E+01
-1.34540E+01
-1.34050E+01
-1.36220E+01
-1.36250E+01
-1.37170E+01
-1.37260E+01
-1.40150E+01
-1.39530E+01
-1.38960E+01
-1.39480E+01
-1.39980E+01
-1.39340E+01
-1.39270E+01
-1.39400E+01
-1.39660E+01
-1.39670E+01
-1.39360E+01
-1.39800E+01
-1.40540E+01
-1.41150E+01
-1.42750E+01
-1.43640E+01
-1.42580E+01
-1.42300E+01
-1.43020E+01
-1.42430E+01
-1.42900E+01
-1.42840E+01
-1.42920E+01
-1.44310E+01
-1.43350E+01
-1.46700E+01
-1.45180E+01
-1.45360E+01
-1.45050E+01
-1.46820E+01
-1.46970E+01
-1.48080E+01
-1.46930E+01
-1.46160E+01
-1.46590E+01
-1.47300E+01
-1.47690E+01
-1.46780E+01
-1.46800E+01
-1.46650E+01
-1.47200E+01
-1.48080E+01
-1.47010E+01
-1.46140E+01
-1.47350E+01
-1.49200E+01
-1.48420E+01
-1.54210E+01
-1.51970E+01
-1.50130E+01
-1.53940E+01
-1.50960E+01
-1.50440E+01
-1.51640E+01
-1.50190E+01
-1.49880E+01
-1.50670E+01
-1.50330E+01
-1.50940E+01
-1.49920E+01
-1.51600E+01
-1.50970E+01
-1.52220E+01
-1.50220E+01
-1.53640E+01
-1.51930E+01
-1.51320E+01
-1.51790E+01
-1.54670E+01
-1.52370E+01
-1.55460E+01
-1.54440E+01
-1.54460E+01
-1.55000E+01
-1.55970E+01
-1.54130E+01
-1.58980E+01
-1.54070E+01
-1.58650E+01
-1.54320E+01
-1.58790E+01
-1.54490E+01
-1.54550E+01
-1.54120E+01
-1.53970E+01
-1.55240E+01
-1.53870E+01
-1.54490E+01
-1.58940E+01
-1.55790E+01
-1.54720E+01
-1.58770E+01
-1.55000E+01
-1.55220E+01
-1.55480E+01
-1.57460E+01
-1.56210E+01
-1.58390E+01
-1.56830E+01
-1.62290E+01
-1.56280E+01
-1.67050E+01
-1.56730E+01
-1.57750E+01
-1.57960E+01
-1.54970E+01
-1.57090E+01
-1.55950E+01
-1.55550E+01
-1.56000E+01
-1.57000E+01
-1.56360E+01
-1.58490E+01
-1.55710E+01
-1.59050E+01
-1.57210E+01
-1.67510E+01
-1.60000E+01
-1.62490E+01
-1.57680E+01
-1.58200E+01
-1.59120E+01
-1.59560E+01
-1.59790E+01
-1.60310E+01
-1.60400E+01
-1.61080E+01
-1.61180E+01
-1.60940E+01
-1.60540E+01
-1.60810E+01
-1.61120E+01
-1.61190E+01
-1.61600E+01
-1.62240E+01
-1.64740E+01
-1.62360E+01
-1.62380E+01
-1.63100E+01
-1.63450E+01
-1.64180E+01
-1.64270E+01
-1.64340E+01
-1.65400E+01
-1.64760E+01
-1.66980E+01
-1.68140E+01
-1.64820E+01
-1.66510E+01
-1.69040E+01
-1.68790E+01
-1.68670E+01
-1.70170E+01
-1.70570E+01
-1.70150E+01
-1.72140E+01
-1.71890E+01
-1.71240E+01
-1.73470E+01
-1.74970E+01
-1.73810E+01
-1.75470E+01
-1.76700E+01
-1.77000E+01