-1.24380E+01
-1.19590E+01
-1.16330E+01
-1.10980E+01
-1.12280E+01
-1.08680E+01
-1.08770E+01
-1.08540E+01
-1.04760E+01
-1.04430E+01
-1.04930E+01
-1.03040E+01
-1.02560E+01
-1.01720E+01
-1.02230E+01
-1.01370E+01
-1.01620E+01
-1.02460E+01
-1.01960E+01
-1.01800E+01
-1.02140E+01
-1.02830E+01
-1.03300E+01
-1.02780E+01
-1.02980E+01
-1.03520E+01
-1.04070E+01
-1.03910E+01
-1.03640E+01
-1.03180E+01
-1.04380E+01
-1.04300E+01
-1.04420E+01
-1.05100E+01
-1.06970E+01
-1.07280E+01
-1.06620E+01
-1.07570E+01
-1.06340E+01
-1.06450E+01
-1.07790E+01
-1.08310E+01
-1.08520E+01
-1.07900E+01
-1.08910E+01
-1.07940E+01
-1.08280E+01
-1.08190E+01
-1.08050E+01
-1.07280E+01
-1.07110E+01
-1.07330E+01
-1.06910E+01
-1.06840E+01
-1.06650E+01
-1.06760E+01
-1.06830E+01
-1.06360E+01
-1.06420E+01
-1.06280E+01
-1.06380E+01
-1.06150E+01
-1.06320E+01
-1.06770E+01
-1.07400E+01
-1.07740E+01
-1.07680E+01
-1.07470E+01
-1.09230E+01
-1.10400E+01
-1.12020E+01
-1.12780E+01
-1.11730E+01
-1.12800E+01
-1.12470E+01
-1.16340E+01
-1.19090E+01
-1.20240E+01
-1.21660E+01
-1.23850E+01
-1.24220E+01
-1.25740E+01
-1.26740E+01
-1.27230E+01
-1.26630E+01
-1.27460E+01
-1.27490E+01
-1.27230E+01
-1.27410E+01
-1.29660E+01
-1.29420E+01
-1.30200E+01
-1.29740E+01
-1.30720E+01
-1.30850E+01
-1.31470E+01
-1.31230E+01
-1.31390E+01
-1.32070E+01
-1.31710E+01
-1.32090E+01
-1.32790E+01
-1.32550E+01
-1.34980E+01
-1.38540E+01
-1.39310E+01
-1.39370E+01
-1.39210E+01
-1.40460E+01
-1.41440E+01
-1.41840E+01
-1.41730E+01
-1.42020E+01
-1.43380E+01
-1.43820E+01
-1.44210E+01
-1.44450E+01
-1.44500E+01
-1.44830E+01
-1.44560E+01
-1.45450E+01
-1.44840E+01
-1.45920E+01
-1.44830E+01
-1.46610E+01
-1.47080E+01
-1.46590E+01
-1.47680E+01
-1.48390E+01
-1.48890E+01
-1.49090E+01
-1.48800E+01
-1.49510E+01
-1.49140E+01
-1.49850E+01
-1.50290E+01
-1.50090E+01
-1.50090E+01
-1.50540E+01
-1.51190E+01
-1.51770E+01
-1.52120E+01
-1.52680E+01
-1.53500E+01
-1.53390E+01
-1.53400E+01
-1.53810E+01
-1.54090E+01
-1.54150E+01
-1.55090E+01
-1.54280E+01
-1.53970E+01
-1.54480E+01
-1.54470E+01
-1.54750E+01
-1.54920E+01
-1.55340E+01
-1.54820E+01
-1.55220E+01
-1.55690E+01
-1.56500E+01
-1.56010E+01
-1.56560E+01
-1.56490E+01
-1.56490E+01
-1.57000E+01
-1.56270E+01
-1.57370E+01
-1.56950E+01
-1.56840E+01
-1.58090E+01
-1.57850E+01
-1.57120E+01
-1.58070E+01
-1.58490E+01
-1.58450E+01
-1.56310E+01
-1.57680E+01
-1.58050E+01
-1.59140E+01
-1.59270E+01
-1.58720E+01
-1.58590E+01
-1.59450E+01
-1.58810E+01
-1.59680E+01
-1.59090E+01
-1.58960E+01
-1.58900E+01
-1.59640E+01
-1.59860E+01
-1.60280E+01
-1.60190E+01
-1.61530E+01
-1.62330E+01
-1.63120E+01
-1.63040E+01
-1.62480E+01
-1.61660E+01
-1.62370E+01
-1.62550E+01
-1.61220E+01
-1.62000E+01
-1.63890E+01
-1.63290E+01
-1.63510E+01
-1.62890E+01
-1.62310E+01
-1.63810E+01
-1.64150E+01
-1.63700E+01
-1.65320E+01
-1.66620E+01
-1.65260E+01
-1.64980E+01
-1.66520E+01
-1.65300E+01
-1.67990E+01
-1.66290E+01
-1.65740E+01
-1.65930E+01
-1.67790E+01
-1.67010E+01
-1.68580E+01
-1.69520E+01
-1.69340E+01
-1.68410E+01
-1.69790E+01
-1.72190E+01
-1.73730E+01